6241.977082085009 1.503937933400266
6198.738866499743 0.3759844833498391
6155.876635397828 0.751968966700133
6114.518342229303 0.751968966700133
6074.663986994188 0.7519689667005878
6035.561600725774 0.751968966700133
5996.835198940711 0.7519689667005878
5959.236750605698 0.751968966700133
5922.014286754034 0.751968966700133
5886.67174531909 0.751968966700133
5851.705188367529 0.751968966700133
5818.618553832717 1.127953450050427
5785.907903781255 0.751968966700133
5754.325207179845 0.751968966700133
