5742.339246298944 0.5302843357449092
5710.168663263747 0.3535228904966061
5678.970268177406 0.3535228904966061
5647.860253813698 0.1767614452483031
5618.16433101197 0.3535228904966061
5589.528976881739 0.1767614452483031
5561.512287809841 0.2651421678724546
5534.732928854717 0.2651421678724546
5508.483854235339 0.2651421678724546
5483.383729010056 0.3535228904966061
5459.344172456284 0.2651421678724546
5435.569758070371 0.3535228904966061
5412.679150910712 0.2651421678724546
5390.849112422542 0.3535228904966061
5369.195835379621 0.3535228904966061
5348.249604117649 0.2651421678724546
5328.982606585581 0.2651421678724546
5309.892370498761 0.2651421678724546
5291.155657302437 0.2651421678729093
5274.098177835973 0.2651421678729093
5257.305840537354 0.3535228904966061
5240.778645406635 0.2651421678724546
5225.577161115278 0.2651421678724546
5210.905961159666 0.2651421678724546
5196.057999758807 0.2651421678724546
5183.419556423551 0.2651421678724546
5169.720544416776 0.08838072262415153
5157.347243249393 0.1767614452483031
5145.41584569513 0.1767614452483031
5134.19149392186 0.1767614452483031
