5813.776784723052 0.2787681564254854
5781.160910421271 0.2787681564254854
5748.545036119489 0.5575363128509707
5717.323002599835 0.2787681564254854
5686.658505392974 0.2787681564254854
5657.109080811872 0.5575363128509707
5628.953497012898 0.5575363128509707
5600.519145057498 0.5575363128509707
5574.314938353503 0.5575363128509707
5547.831963493081 0.5575363128509707
5523.021597571214 0.5575363128509707
5498.48999980577 0.8363044692764561
5474.794706509604 0.5575363128509707
5451.935717682714 0.5575363128509707
