1	24.4	24.5	0.8	0.8	14.2	14.24
0	24.1	24.1	2.15	2.1	11.31	11.39
0	23.8	24	2.1	2.1	11.63	11.51
1	24.6	24.6	0.8	0.85	19.81	20.19
1	24.6	24.7	0.8	0.8	19.31	19.27
0	29.8	29.8	2.1	2.1	8.38	8.36
0	29.7	29.7	2.1	2.1	7.87	7.78
1	29.8	29.9	0.8	0.8	11.16	11.27
1	29.9	29.9	0.8	0.8	10.38	10.4
0	39.8	39.8	2.1	2.1	4.1	4.06
0	39.9	39.9	2.1	2.1	4.04	4.05
1	39.6	39.7	0.75	0.75	7.1	7.21
1	39.7	39.7	0.8	0.8	5.31	5.43
0	50.1	50.1	2.1	2.1	2.39	2.3
0	49.9	49.9	2.15	2.15	2.39	2.3
1	50.4	50.5	0.75	0.75	3.68	4.09
1	50.3	50.3	0.9	0.9	2.54	2.54
0	59.3	59.5	2.05	2.05	1.68	1.68
0	59.5	59.8	2.1	2.1	1.68	1.71
1	59.8	60	0.9	0.9	1.62	1.75
1	60	60.01	0.75	0.75	2.28	2.29