24.45 0.31958976
24.1 0.38562050625000005
23.9 0.37502419500000006
24.6 0.44949333333333336
24.65 0.43353632
29.8 0.2713009950000001
29.7 0.25363563750000007
29.85 0.25205338666666666
29.9 0.2335117866666667
39.8 0.13224708000000004
39.9 0.13111260750000003
39.650000000000006 0.14133360937499997
39.7 0.12068895999999997
50.1 0.07600965750000001
49.9 0.07967225437499999
50.45 0.076740890625
50.3 0.07224903
59.4 0.051892469999999996
59.65 0.05494088250000001
59.9 0.0479289825
60.004999999999995 0.045135890625
