DeviceName	Стенд N 4
LTime	600,009002
KevPerCh	
NullEnCh	
	
Channel	Counts
1	0
2	0
3	0
4	0
5	0
6	0
7	0
8	0
9	0
10	0
11	0
12	0
13	0
14	0
15	0
16	0
17	0
18	0
19	1
20	0
21	0
22	0
23	0
24	0
25	0
26	0
27	0
28	1
29	0
30	0
31	0
32	0
33	1
34	0
35	0
36	0
37	0
38	0
39	0
40	0
41	0
42	0
43	0
44	0
45	1
46	0
47	0
48	0
49	0
50	0
51	0
52	0
53	0
54	0
55	0
56	0
57	0
58	0
59	0
60	1
61	0
62	1
63	0
64	0
65	1
66	1
67	0
68	1
69	0
70	0
71	1
72	0
73	0
74	0
75	0
76	2
77	2
78	2
79	2
80	8
81	16
82	26
83	51
84	76
85	120
86	167
87	262
88	317
89	419
90	469
91	579
92	642
93	738
94	791
95	943
96	1030
97	1094
98	1186
99	1337
100	1346
101	1498
102	1491
103	1490
104	1511
105	1274
106	1082
107	841
108	634
109	470
110	338
111	272
112	242
113	216
114	192
115	202
116	226
117	279
118	316
119	337
120	375
121	412
122	446
123	515
124	540
125	616
126	667
127	770
128	819
129	938
130	1019
131	1182
132	1275
133	1398
134	1601
135	1737
136	1907
137	1997
138	2151
139	2360
140	2709
141	3018
142	3727
143	4336
144	5191
145	6285
146	7750
147	9318
148	10512
149	11631
150	12334
151	12452
152	12179
153	10780
154	9304
155	7407
156	5964
157	4272
158	2791
159	1824
160	1066
161	599
162	374
163	181
164	132
165	74
166	68
167	62
168	64
169	59
170	51
171	80
172	61
173	74
174	68
175	71
176	55
177	51
178	71
179	58
180	67
181	68
182	59
183	57
184	50
185	54
186	42
187	41
188	55
189	50
190	54
191	57
192	44
193	45
194	39
195	55
196	50
197	43
198	49
199	63
200	51
201	54
202	67
203	42
204	57
205	50
206	49
207	57
208	46
209	50
210	50
211	61
212	53
213	41
214	50
215	54
216	48
217	44
218	35
219	39
220	54
221	38
222	41
223	42
224	35
225	45
226	33
227	30
228	40
229	41
230	42
231	41
232	33
233	48
234	33
235	39
236	37
237	41
238	45
239	56
240	33
241	32
242	37
243	42
244	38
245	38
246	37
247	34
248	35
249	40
250	34
251	37
252	50
253	37
254	29
255	39
256	33
257	42
258	38
259	43
260	47
261	40
262	34
263	43
264	17
265	34
266	32
267	34
268	29
269	25
270	29
271	40
272	33
273	51
274	35
275	24
276	26
277	37
278	26
279	35
280	24
281	36
282	33
283	25
284	29
285	38
286	26
287	37
288	39
289	25
290	31
291	30
292	28
293	36
294	32
295	35
296	35
297	35
298	30
299	20
300	27
301	38
302	30
303	38
304	27
305	29
306	32
307	28
308	28
309	26
310	27
311	22
312	26
313	32
314	22
315	38
316	26
317	36
318	29
319	29
320	24
321	28
322	32
323	38
324	30
325	18
326	17
327	29
328	24
329	33
330	29
331	30
332	21
333	23
334	25
335	24
336	22
337	18
338	29
339	23
340	22
341	22
342	22
343	16
344	30
345	25
346	24
347	13
348	28
349	24
350	26
351	31
352	20
353	29
354	26
355	27
356	24
357	20
358	17
359	26
360	28
361	28
362	32
363	22
364	19
365	26
366	15
367	20
368	19
369	29
370	20
371	16
372	21
373	21
374	21
375	23
376	23
377	19
378	10
379	17
380	25
381	21
382	19
383	24
384	16
385	22
386	31
387	20
388	23
389	11
390	23
391	19
392	28
393	22
394	17
395	14
396	24
397	20
398	20
399	21
400	17
401	15
402	16
403	10
404	21
405	18
406	23
407	22
408	24
409	20
410	14
411	12
412	10
413	17
414	18
415	22
416	12
417	8
418	13
419	16
420	11
421	19
422	11
423	10
424	17
425	16
426	16
427	14
428	23
429	16
430	11
431	13
432	12
433	16
434	14
435	10
436	8
437	10
438	6
439	8
440	11
441	16
442	19
443	16
444	15
445	13
446	12
447	15
448	9
449	15
450	12
451	16
452	3
453	11
454	19
455	13
456	14
457	18
458	11
459	15
460	12
461	8
462	12
463	18
464	15
465	14
466	15
467	11
468	14
469	21
470	6
471	10
472	10
473	12
474	12
475	10
476	10
477	9
478	15
479	8
480	9
481	10
482	13
483	8
484	14
485	12
486	9
487	11
488	7
489	12
490	12
491	10
492	11
493	11
494	6
495	3
496	11
497	11
498	10
499	9
500	11
501	11
502	11
503	12
504	7
505	3
506	9
507	5
508	8
509	9
510	9
511	16
512	11
513	10
514	6
515	17
516	8
517	17
518	6
519	12
520	9
521	10
522	10
523	4
524	9
525	15
526	6
527	12
528	14
529	10
530	10
531	9
532	10
533	5
534	7
535	7
536	14
537	9
538	14
539	10
540	3
541	10
542	7
543	10
544	7
545	6
546	7
547	12
548	16
549	3
550	14
551	9
552	14
553	7
554	12
555	10
556	11
557	13
558	5
559	14
560	7
561	6
562	11
563	8
564	6
565	11
566	10
567	13
568	6
569	5
570	10
571	2
572	7
573	6
574	5
575	4
576	8
577	2
578	6
579	4
580	9
581	4
582	6
583	6
584	7
585	4
586	11
587	4
588	4
589	5
590	1
591	8
592	11
593	10
594	4
595	6
596	5
597	8
598	7
599	6
600	9
601	10
602	5
603	9
604	6
605	4
606	5
607	4
608	9
609	8
610	6
611	4
612	5
613	7
614	7
615	2
616	6
617	6
618	5
619	3
620	4
621	8
622	5
623	7
624	3
625	9
626	9
627	6
628	7
629	10
630	6
631	4
632	10
633	5
634	4
635	3
636	5
637	3
638	6
639	3
640	8
641	9
642	6
643	4
644	7
645	4
646	7
647	5
648	3
649	6
650	8
651	5
652	7
653	6
654	5
655	7
656	4
657	6
658	1
659	6
660	7
661	7
662	5
663	6
664	6
665	7
666	3
667	7
668	9
669	6
670	6
671	4
672	5
673	4
674	5
675	4
676	3
677	4
678	4
679	4
680	5
681	3
682	4
683	5
684	4
685	3
686	5
687	7
688	8
689	4
690	5
691	7
692	7
693	4
694	4
695	8
696	5
697	7
698	3
699	4
700	5
701	7
702	5
703	4
704	10
705	6
706	6
707	5
708	4
709	7
710	7
711	6
712	11
713	6
714	3
715	6
716	5
717	6
718	5
719	3
720	4
721	5
722	4
723	8
724	8
725	5
726	6
727	5
728	2
729	5
730	5
731	5
732	4
733	2
734	8
735	6
736	6
737	5
738	4
739	8
740	8
741	5
742	7
743	8
744	6
745	6
746	4
747	5
748	4
749	6
750	3
751	2
752	4
753	4
754	5
755	5
756	8
757	8
758	6
759	7
760	5
761	5
762	7
763	6
764	5
765	2
766	7
767	8
768	8
769	1
770	8
771	7
772	4
773	13
774	6
775	4
776	8
777	3
778	8
779	10
780	4
781	4
782	3
783	6
784	3
785	4
786	5
787	7
788	6
789	4
790	5
791	2
792	2
793	6
794	4
795	3
796	4
797	4
798	1
799	3
800	5
801	5
802	4
803	1
804	5
805	6
806	3
807	2
808	9
809	2
810	5
811	4
812	4
813	8
814	3
815	3
816	2
817	7
818	2
819	4
820	5
821	4
822	4
823	3
824	2
825	3
826	6
827	3
828	3
829	1
830	5
831	5
832	3
833	5
834	4
835	3
836	4
837	2
838	3
839	5
840	3
841	7
842	5
843	0
844	8
845	3
846	8
847	4
848	5
849	8
850	8
851	3
852	5
853	5
854	7
855	2
856	4
857	4
858	6
859	3
860	5
861	6
862	4
863	4
864	7
865	3
866	3
867	3
868	4
869	5
870	4
871	10
872	4
873	3
874	4
875	2
876	7
877	7
878	4
879	6
880	7
881	3
882	1
883	3
884	7
885	2
886	5
887	3
888	5
889	3
890	4
891	4
892	2
893	6
894	3
895	3
896	2
897	5
898	3
899	3
900	4
901	4
902	3
903	7
904	5
905	10
906	4
907	4
908	1
909	4
910	3
911	1
912	5
913	5
914	1
915	3
916	1
917	5
918	7
919	3
920	1
921	2
922	2
923	4
924	4
925	3
926	3
927	4
928	4
929	4
930	6
931	5
932	3
933	6
934	0
935	4
936	4
937	4
938	2
939	6
940	2
941	5
942	1
943	6
944	3
945	7
946	4
947	6
948	2
949	6
950	2
951	1
952	2
953	8
954	3
955	4
956	0
957	3
958	1
959	2
960	2
961	8
962	5
963	5
964	4
965	5
966	10
967	3
968	7
969	2
970	7
971	3
972	2
973	5
974	5
975	2
976	6
977	4
978	1
979	6
980	4
981	7
982	4
983	2
984	3
985	1
986	2
987	6
988	2
989	3
990	1
991	3
992	4
993	5
994	6
995	4
996	1
997	1
998	1
999	4
1000	3
1001	3
1002	2
1003	7
1004	0
1005	1
1006	5
1007	8
1008	1
1009	1
1010	1
1011	3
1012	1
1013	3
1014	2
1015	3
1016	2
1017	0
1018	5
1019	5
1020	2
1021	5
1022	3
1023	2
1024	3
1025	3
1026	4
1027	3
1028	0
1029	4
1030	2
1031	5
1032	4
1033	1
1034	6
1035	2
1036	6
1037	1
1038	0
1039	1
1040	2
1041	2
1042	1
1043	3
1044	5
1045	4
1046	3
1047	0
1048	4
1049	4
1050	1
1051	5
1052	6
1053	0
1054	3
1055	4
1056	7
1057	5
1058	4
1059	0
1060	2
1061	4
1062	4
1063	1
1064	2
1065	8
1066	0
1067	3
1068	3
1069	1
1070	2
1071	3
1072	3
1073	3
1074	2
1075	1
1076	3
1077	4
1078	2
1079	3
1080	3
1081	3
1082	3
1083	4
1084	3
1085	7
1086	3
1087	3
1088	5
1089	4
1090	5
1091	2
1092	4
1093	2
1094	1
1095	6
1096	3
1097	5
1098	3
1099	1
1100	2
1101	4
1102	0
1103	2
1104	3
1105	4
1106	2
1107	3
1108	3
1109	1
1110	2
1111	1
1112	1
1113	3
1114	3
1115	4
1116	3
1117	4
1118	2
1119	1
1120	1
1121	1
1122	0
1123	0
1124	4
1125	4
1126	0
1127	0
1128	5
1129	7
1130	0
1131	2
1132	1
1133	3
1134	4
1135	1
1136	4
1137	2
1138	5
1139	3
1140	2
1141	1
1142	3
1143	4
1144	6
1145	1
1146	1
1147	1
1148	0
1149	2
1150	4
1151	5
1152	0
1153	3
1154	1
1155	3
1156	2
1157	2
1158	4
1159	1
1160	2
1161	1
1162	5
1163	2
1164	5
1165	5
1166	3
1167	2
1168	2
1169	4
1170	1
1171	3
1172	0
1173	2
1174	0
1175	1
1176	1
1177	1
1178	1
1179	4
1180	4
1181	2
1182	1
1183	3
1184	1
1185	1
1186	4
1187	2
1188	3
1189	1
1190	4
1191	2
1192	3
1193	1
1194	2
1195	2
1196	1
1197	3
1198	3
1199	1
1200	2
1201	0
1202	2
1203	2
1204	3
1205	4
1206	4
1207	1
1208	3
1209	2
1210	3
1211	1
1212	4
1213	2
1214	0
1215	1
1216	1
1217	4
1218	3
1219	2
1220	1
1221	3
1222	1
1223	0
1224	7
1225	2
1226	0
1227	5
1228	1
1229	2
1230	2
1231	1
1232	2
1233	1
1234	0
1235	1
1236	4
1237	4
1238	0
1239	2
1240	3
1241	0
1242	5
1243	3
1244	2
1245	2
1246	1
1247	5
1248	1
1249	4
1250	4
1251	4
1252	2
1253	4
1254	1
1255	3
1256	3
1257	1
1258	4
1259	4
1260	3
1261	1
1262	0
1263	3
1264	1
1265	2
1266	3
1267	4
1268	1
1269	0
1270	6
1271	2
1272	2
1273	4
1274	6
1275	5
1276	2
1277	2
1278	2
1279	3
1280	0
1281	3
1282	2
1283	2
1284	2
1285	4
1286	2
1287	2
1288	2
1289	2
1290	3
1291	2
1292	1
1293	1
1294	3
1295	0
1296	3
1297	3
1298	2
1299	2
1300	2
1301	4
1302	1
1303	1
1304	5
1305	2
1306	1
1307	3
1308	3
1309	0
1310	1
1311	1
1312	3
1313	2
1314	2
1315	1
1316	1
1317	1
1318	3
1319	2
1320	0
1321	3
1322	6
1323	4
1324	2
1325	2
1326	6
1327	1
1328	4
1329	1
1330	3
1331	2
1332	2
1333	2
1334	2
1335	0
1336	2
1337	2
1338	1
1339	1
1340	3
1341	2
1342	1
1343	1
1344	3
1345	4
1346	0
1347	2
1348	0
1349	2
1350	2
1351	4
1352	4
1353	0
1354	2
1355	1
1356	3
1357	3
1358	3
1359	1
1360	2
1361	3
1362	1
1363	2
1364	2
1365	3
1366	2
1367	1
1368	0
1369	2
1370	1
1371	4
1372	1
1373	2
1374	1
1375	3
1376	2
1377	1
1378	2
1379	2
1380	3
1381	2
1382	1
1383	3
1384	1
1385	2
1386	0
1387	3
1388	3
1389	0
1390	2
1391	1
1392	1
1393	1
1394	0
1395	1
1396	3
1397	2
1398	0
1399	1
1400	2
1401	1
1402	1
1403	2
1404	1
1405	0
1406	1
1407	0
1408	0
1409	2
1410	1
1411	1
1412	1
1413	3
1414	4
1415	3
1416	3
1417	2
1418	2
1419	2
1420	3
1421	0
1422	5
1423	1
1424	5
1425	3
1426	2
1427	3
1428	1
1429	3
1430	0
1431	2
1432	0
1433	4
1434	1
1435	2
1436	0
1437	1
1438	1
1439	3
1440	1
1441	3
1442	3
1443	1
1444	2
1445	2
1446	0
1447	0
1448	2
1449	3
1450	0
1451	1
1452	3
1453	0
1454	1
1455	0
1456	2
1457	1
1458	1
1459	1
1460	1
1461	1
1462	0
1463	1
1464	0
1465	2
1466	1
1467	1
1468	0
1469	1
1470	3
1471	0
1472	3
1473	1
1474	1
1475	0
1476	1
1477	0
1478	1
1479	0
1480	1
1481	1
1482	0
1483	1
1484	2
1485	1
1486	2
1487	4
1488	2
1489	4
1490	0
1491	1
1492	1
1493	2
1494	1
1495	2
1496	2
1497	1
1498	0
1499	1
1500	3
1501	0
1502	1
1503	3
1504	4
1505	2
1506	1
1507	0
1508	0
1509	0
1510	0
1511	3
1512	2
1513	1
1514	2
1515	0
1516	1
1517	1
1518	0
1519	1
1520	2
1521	2
1522	2
1523	2
1524	3
1525	1
1526	1
1527	0
1528	0
1529	1
1530	3
1531	0
1532	1
1533	0
1534	2
1535	1
1536	3
1537	1
1538	5
1539	2
1540	1
1541	4
1542	2
1543	2
1544	2
1545	1
1546	1
1547	1
1548	3
1549	1
1550	1
1551	1
1552	3
1553	0
1554	3
1555	2
1556	0
1557	0
1558	2
1559	1
1560	3
1561	2
1562	1
1563	1
1564	1
1565	2
1566	2
1567	1
1568	1
1569	1
1570	0
1571	0
1572	3
1573	1
1574	0
1575	0
1576	3
1577	4
1578	0
1579	2
1580	3
1581	1
1582	0
1583	0
1584	1
1585	0
1586	2
1587	2
1588	0
1589	0
1590	1
1591	1
1592	2
1593	4
1594	1
1595	0
1596	3
1597	2
1598	1
1599	1
1600	5
1601	1
1602	0
1603	2
1604	0
1605	0
1606	1
1607	4
1608	1
1609	0
1610	0
1611	1
1612	1
1613	2
1614	1
1615	3
1616	0
1617	1
1618	1
1619	0
1620	2
1621	1
1622	0
1623	1
1624	1
1625	4
1626	0
1627	2
1628	5
1629	3
1630	0
1631	1
1632	0
1633	1
1634	1
1635	2
1636	0
1637	3
1638	2
1639	1
1640	3
1641	1
1642	1
1643	1
1644	1
1645	3
1646	1
1647	2
1648	2
1649	1
1650	1
1651	1
1652	1
1653	4
1654	0
1655	1
1656	2
1657	1
1658	0
1659	2
1660	1
1661	2
1662	1
1663	1
1664	1
1665	1
1666	2
1667	1
1668	3
1669	1
1670	1
1671	1
1672	2
1673	3
1674	2
1675	1
1676	2
1677	1
1678	7
1679	0
1680	1
1681	0
1682	1
1683	4
1684	1
1685	0
1686	0
1687	1
1688	2
1689	1
1690	5
1691	2
1692	0
1693	2
1694	2
1695	1
1696	1
1697	2
1698	0
1699	1
1700	0
1701	0
1702	3
1703	0
1704	2
1705	2
1706	0
1707	2
1708	0
1709	0
1710	1
1711	1
1712	0
1713	2
1714	0
1715	1
1716	2
1717	1
1718	2
1719	1
1720	2
1721	0
1722	1
1723	0
1724	0
1725	2
1726	1
1727	1
1728	0
1729	3
1730	2
1731	1
1732	3
1733	1
1734	2
1735	2
1736	0
1737	0
1738	2
1739	1
1740	1
1741	0
1742	2
1743	3
1744	2
1745	1
1746	1
1747	0
1748	2
1749	2
1750	0
1751	2
1752	1
1753	0
1754	3
1755	0
1756	1
1757	0
1758	1
1759	0
1760	1
1761	2
1762	2
1763	1
1764	0
1765	0
1766	0
1767	1
1768	0
1769	2
1770	2
1771	1
1772	2
1773	3
1774	0
1775	0
1776	1
1777	1
1778	1
1779	1
1780	0
1781	2
1782	0
1783	2
1784	0
1785	0
1786	0
1787	0
1788	2
1789	0
1790	1
1791	1
1792	1
1793	1
1794	2
1795	1
1796	0
1797	2
1798	0
1799	1
1800	2
1801	1
1802	1
1803	0
1804	0
1805	0
1806	1
1807	3
1808	0
1809	1
1810	0
1811	0
1812	2
1813	4
1814	2
1815	2
1816	1
1817	2
1818	1
1819	1
1820	2
1821	0
1822	1
1823	2
1824	2
1825	1
1826	0
1827	1
1828	1
1829	1
1830	3
1831	1
1832	4
1833	0
1834	0
1835	1
1836	2
1837	0
1838	3
1839	1
1840	0
1841	2
1842	1
1843	0
1844	0
1845	1
1846	1
1847	1
1848	1
1849	0
1850	0
1851	0
1852	2
1853	1
1854	0
1855	4
1856	1
1857	2
1858	0
1859	0
1860	2
1861	1
1862	0
1863	0
1864	0
1865	0
1866	3
1867	0
1868	0
1869	1
1870	1
1871	0
1872	0
1873	0
1874	0
1875	1
1876	3
1877	0
1878	3
1879	0
1880	0
1881	2
1882	0
1883	1
1884	0
1885	0
1886	0
1887	0
1888	0
1889	1
1890	0
1891	2
1892	2
1893	0
1894	1
1895	0
1896	2
1897	0
1898	2
1899	1
1900	0
1901	1
1902	0
1903	1
1904	2
1905	0
1906	2
1907	2
1908	0
1909	1
1910	1
1911	0
1912	0
1913	0
1914	0
1915	1
1916	1
1917	2
1918	0
1919	0
1920	0
1921	0
1922	2
1923	0
1924	0
1925	0
1926	1
1927	2
1928	1
1929	0
1930	0
1931	2
1932	1
1933	0
1934	2
1935	0
1936	1
1937	2
1938	2
1939	1
1940	2
1941	1
1942	0
1943	0
1944	0
1945	0
1946	1
1947	0
1948	0
1949	0
1950	1
1951	2
1952	0
1953	1
1954	1
1955	2
1956	0
1957	0
1958	2
1959	0
1960	1
1961	1
1962	1
1963	1
1964	0
1965	3
1966	3
1967	1
1968	1
1969	1
1970	0
1971	1
1972	1
1973	2
1974	0
1975	3
1976	2
1977	0
1978	1
1979	0
1980	0
1981	1
1982	1
1983	1
1984	0
1985	0
1986	2
1987	1
1988	0
1989	0
1990	1
1991	0
1992	1
1993	0
1994	2
1995	1
1996	0
1997	1
1998	3
1999	0
2000	3
2001	2
2002	0
2003	0
2004	0
2005	1
2006	3
2007	2
2008	1
2009	2
2010	0
2011	2
2012	1
2013	2
2014	1
2015	6
2016	1
2017	1
2018	1
2019	0
2020	1
2021	1
2022	2
2023	2
2024	1
2025	2
2026	2
2027	3
2028	1
2029	2
2030	5
2031	3
2032	0
2033	0
2034	0
2035	0
2036	0
2037	0
2038	0
2039	0
2040	0
2041	0
2042	0
2043	0
2044	0
2045	0
2046	0
2047	0
2048	0
