DeviceName	Стенд N 4
LTime	600,003696
KevPerCh	
NullEnCh	
	
Channel	Counts
1	0
2	0
3	0
4	0
5	0
6	0
7	0
8	0
9	0
10	0
11	0
12	0
13	0
14	0
15	0
16	0
17	0
18	0
19	0
20	0
21	0
22	0
23	0
24	0
25	0
26	0
27	0
28	0
29	0
30	0
31	0
32	0
33	0
34	0
35	0
36	0
37	0
38	0
39	0
40	0
41	0
42	0
43	0
44	0
45	0
46	0
47	0
48	0
49	0
50	0
51	0
52	0
53	0
54	0
55	0
56	0
57	0
58	0
59	0
60	0
61	0
62	0
63	0
64	0
65	0
66	0
67	0
68	0
69	0
70	0
71	0
72	0
73	0
74	0
75	0
76	0
77	0
78	0
79	0
80	0
81	0
82	0
83	0
84	1
85	1
86	1
87	4
88	1
89	3
90	3
91	8
92	5
93	9
94	6
95	7
96	5
97	2
98	12
99	15
100	10
101	17
102	14
103	15
104	12
105	26
106	13
107	20
108	10
109	22
110	19
111	9
112	14
113	11
114	16
115	10
116	13
117	9
118	19
119	14
120	16
121	13
122	5
123	20
124	14
125	13
126	17
127	18
128	20
129	16
130	17
131	9
132	23
133	19
134	10
135	13
136	19
137	21
138	10
139	17
140	17
141	13
142	17
143	16
144	28
145	23
146	19
147	20
148	14
149	19
150	25
151	30
152	32
153	24
154	32
155	25
156	32
157	29
158	24
159	35
160	30
161	28
162	26
163	33
164	34
165	40
166	41
167	42
168	45
169	60
170	61
171	80
172	66
173	58
174	58
175	67
176	67
177	38
178	43
179	48
180	45
181	44
182	50
183	43
184	50
185	42
186	54
187	43
188	42
189	52
190	43
191	50
192	44
193	43
194	38
195	42
196	41
197	36
198	42
199	31
200	37
201	38
202	38
203	38
204	49
205	43
206	38
207	48
208	38
209	36
210	44
211	47
212	41
213	34
214	37
215	34
216	31
217	34
218	40
219	37
220	43
221	46
222	40
223	33
224	44
225	32
226	47
227	29
228	32
229	43
230	29
231	41
232	36
233	31
234	40
235	40
236	39
237	34
238	41
239	46
240	42
241	40
242	35
243	37
244	34
245	35
246	37
247	32
248	43
249	26
250	29
251	43
252	35
253	33
254	29
255	34
256	38
257	30
258	31
259	41
260	22
261	36
262	38
263	31
264	36
265	29
266	40
267	32
268	41
269	37
270	25
271	26
272	49
273	26
274	36
275	43
276	31
277	34
278	35
279	35
280	32
281	30
282	23
283	41
284	24
285	26
286	27
287	34
288	27
289	34
290	36
291	37
292	19
293	27
294	33
295	32
296	24
297	22
298	26
299	43
300	28
301	27
302	29
303	32
304	33
305	34
306	31
307	50
308	28
309	30
310	27
311	16
312	31
313	24
314	26
315	32
316	25
317	24
318	25
319	32
320	25
321	28
322	22
323	25
324	25
325	32
326	28
327	27
328	21
329	28
330	20
331	24
332	29
333	24
334	26
335	26
336	21
337	23
338	19
339	24
340	24
341	26
342	15
343	17
344	24
345	16
346	29
347	16
348	18
349	32
350	27
351	18
352	24
353	20
354	22
355	21
356	16
357	33
358	25
359	18
360	20
361	33
362	19
363	26
364	33
365	23
366	23
367	25
368	14
369	19
370	23
371	22
372	15
373	16
374	25
375	29
376	22
377	18
378	26
379	21
380	9
381	25
382	25
383	16
384	16
385	23
386	18
387	24
388	14
389	22
390	19
391	19
392	9
393	19
394	21
395	17
396	18
397	25
398	18
399	16
400	22
401	26
402	11
403	22
404	23
405	21
406	16
407	21
408	19
409	23
410	17
411	12
412	18
413	15
414	11
415	14
416	11
417	21
418	10
419	11
420	12
421	13
422	12
423	12
424	14
425	20
426	13
427	10
428	14
429	12
430	20
431	17
432	22
433	18
434	10
435	16
436	12
437	11
438	17
439	12
440	15
441	12
442	12
443	10
444	18
445	16
446	12
447	10
448	18
449	15
450	11
451	8
452	8
453	13
454	11
455	12
456	12
457	9
458	12
459	16
460	5
461	13
462	16
463	13
464	12
465	15
466	12
467	17
468	11
469	12
470	8
471	11
472	9
473	14
474	17
475	6
476	11
477	13
478	17
479	8
480	11
481	10
482	11
483	13
484	11
485	12
486	11
487	11
488	6
489	18
490	8
491	8
492	12
493	7
494	10
495	10
496	17
497	11
498	9
499	7
500	9
501	11
502	17
503	9
504	8
505	9
506	10
507	13
508	8
509	15
510	16
511	7
512	10
513	12
514	12
515	4
516	12
517	14
518	10
519	7
520	11
521	6
522	8
523	9
524	12
525	12
526	12
527	6
528	11
529	15
530	18
531	14
532	9
533	9
534	9
535	9
536	8
537	9
538	10
539	10
540	9
541	9
542	13
543	10
544	6
545	12
546	2
547	9
548	9
549	12
550	7
551	5
552	8
553	6
554	8
555	5
556	7
557	10
558	6
559	9
560	5
561	7
562	8
563	5
564	2
565	7
566	2
567	16
568	8
569	4
570	8
571	9
572	6
573	7
574	9
575	7
576	6
577	8
578	8
579	7
580	8
581	8
582	11
583	5
584	5
585	11
586	8
587	2
588	5
589	7
590	7
591	5
592	3
593	8
594	8
595	5
596	5
597	6
598	6
599	7
600	8
601	6
602	5
603	8
604	9
605	4
606	4
607	12
608	3
609	7
610	11
611	2
612	8
613	7
614	11
615	8
616	6
617	2
618	8
619	4
620	6
621	5
622	5
623	5
624	9
625	4
626	5
627	6
628	3
629	8
630	6
631	5
632	6
633	8
634	10
635	6
636	7
637	2
638	9
639	9
640	5
641	4
642	10
643	7
644	14
645	6
646	5
647	4
648	9
649	7
650	4
651	7
652	8
653	8
654	7
655	2
656	8
657	7
658	3
659	6
660	6
661	4
662	5
663	7
664	8
665	9
666	8
667	8
668	4
669	3
670	3
671	9
672	3
673	8
674	5
675	5
676	6
677	4
678	5
679	3
680	4
681	5
682	2
683	7
684	8
685	3
686	4
687	6
688	3
689	9
690	4
691	3
692	7
693	12
694	3
695	9
696	5
697	5
698	4
699	5
700	6
701	4
702	5
703	6
704	9
705	5
706	6
707	1
708	6
709	4
710	4
711	7
712	9
713	3
714	4
715	2
716	5
717	8
718	3
719	6
720	6
721	5
722	3
723	4
724	10
725	9
726	4
727	4
728	7
729	6
730	5
731	2
732	3
733	5
734	2
735	4
736	5
737	2
738	7
739	5
740	3
741	6
742	3
743	8
744	4
745	6
746	7
747	5
748	4
749	10
750	9
751	3
752	2
753	5
754	5
755	8
756	5
757	3
758	5
759	4
760	7
761	5
762	6
763	7
764	5
765	5
766	4
767	12
768	5
769	4
770	4
771	5
772	3
773	6
774	5
775	5
776	6
777	5
778	7
779	3
780	10
781	4
782	3
783	7
784	8
785	6
786	4
787	1
788	3
789	3
790	3
791	8
792	2
793	6
794	4
795	3
796	1
797	1
798	8
799	4
800	2
801	6
802	4
803	6
804	4
805	4
806	1
807	5
808	3
809	2
810	8
811	3
812	4
813	8
814	3
815	6
816	3
817	2
818	2
819	8
820	3
821	4
822	1
823	6
824	3
825	3
826	3
827	4
828	3
829	2
830	3
831	5
832	0
833	2
834	2
835	11
836	4
837	1
838	0
839	7
840	3
841	6
842	4
843	3
844	4
845	4
846	3
847	8
848	2
849	4
850	2
851	2
852	6
853	1
854	6
855	2
856	3
857	4
858	9
859	9
860	4
861	4
862	3
863	6
864	5
865	4
866	4
867	4
868	8
869	5
870	4
871	5
872	8
873	7
874	5
875	3
876	1
877	1
878	4
879	2
880	8
881	4
882	2
883	1
884	6
885	9
886	2
887	8
888	7
889	4
890	4
891	5
892	3
893	3
894	6
895	3
896	1
897	6
898	7
899	3
900	7
901	4
902	3
903	3
904	6
905	3
906	1
907	3
908	2
909	7
910	3
911	3
912	4
913	4
914	4
915	8
916	5
917	2
918	3
919	7
920	7
921	3
922	4
923	2
924	5
925	4
926	2
927	6
928	5
929	3
930	3
931	5
932	2
933	3
934	2
935	8
936	4
937	3
938	10
939	1
940	5
941	3
942	2
943	2
944	2
945	3
946	0
947	2
948	4
949	3
950	6
951	5
952	5
953	7
954	3
955	6
956	3
957	2
958	4
959	2
960	4
961	4
962	7
963	5
964	5
965	4
966	8
967	2
968	5
969	5
970	3
971	2
972	4
973	3
974	3
975	1
976	5
977	3
978	1
979	2
980	2
981	3
982	5
983	5
984	5
985	3
986	5
987	2
988	4
989	6
990	3
991	2
992	0
993	2
994	3
995	5
996	0
997	5
998	3
999	4
1000	2
1001	4
1002	3
1003	4
1004	6
1005	2
1006	3
1007	0
1008	2
1009	3
1010	1
1011	0
1012	6
1013	3
1014	4
1015	3
1016	3
1017	0
1018	4
1019	3
1020	5
1021	2
1022	2
1023	5
1024	1
1025	4
1026	3
1027	4
1028	2
1029	4
1030	6
1031	1
1032	1
1033	3
1034	1
1035	2
1036	6
1037	4
1038	0
1039	4
1040	3
1041	1
1042	0
1043	1
1044	0
1045	6
1046	5
1047	4
1048	7
1049	0
1050	3
1051	3
1052	2
1053	2
1054	2
1055	7
1056	4
1057	0
1058	2
1059	2
1060	0
1061	4
1062	1
1063	1
1064	4
1065	3
1066	5
1067	1
1068	3
1069	2
1070	1
1071	0
1072	3
1073	4
1074	3
1075	2
1076	1
1077	4
1078	4
1079	2
1080	2
1081	1
1082	3
1083	6
1084	5
1085	2
1086	4
1087	1
1088	1
1089	2
1090	1
1091	3
1092	3
1093	1
1094	2
1095	2
1096	3
1097	3
1098	4
1099	3
1100	4
1101	1
1102	0
1103	3
1104	2
1105	3
1106	2
1107	0
1108	0
1109	2
1110	2
1111	1
1112	3
1113	1
1114	2
1115	0
1116	3
1117	2
1118	1
1119	3
1120	2
1121	3
1122	5
1123	6
1124	2
1125	3
1126	4
1127	3
1128	2
1129	2
1130	5
1131	0
1132	4
1133	1
1134	1
1135	3
1136	5
1137	0
1138	3
1139	0
1140	6
1141	2
1142	1
1143	3
1144	1
1145	2
1146	3
1147	1
1148	1
1149	2
1150	4
1151	3
1152	1
1153	2
1154	1
1155	2
1156	3
1157	2
1158	3
1159	3
1160	2
1161	1
1162	0
1163	1
1164	0
1165	2
1166	2
1167	3
1168	1
1169	3
1170	3
1171	3
1172	3
1173	3
1174	5
1175	0
1176	0
1177	3
1178	3
1179	8
1180	5
1181	3
1182	4
1183	2
1184	1
1185	5
1186	2
1187	2
1188	3
1189	1
1190	1
1191	4
1192	2
1193	2
1194	6
1195	1
1196	1
1197	1
1198	3
1199	1
1200	3
1201	3
1202	3
1203	1
1204	3
1205	0
1206	4
1207	2
1208	4
1209	0
1210	2
1211	1
1212	2
1213	2
1214	2
1215	4
1216	3
1217	0
1218	2
1219	2
1220	2
1221	3
1222	0
1223	2
1224	2
1225	6
1226	2
1227	5
1228	3
1229	1
1230	0
1231	0
1232	3
1233	3
1234	3
1235	3
1236	1
1237	2
1238	1
1239	3
1240	4
1241	2
1242	3
1243	0
1244	3
1245	3
1246	2
1247	0
1248	4
1249	3
1250	3
1251	1
1252	5
1253	2
1254	4
1255	5
1256	3
1257	1
1258	3
1259	0
1260	3
1261	2
1262	0
1263	4
1264	1
1265	1
1266	4
1267	2
1268	0
1269	2
1270	2
1271	1
1272	1
1273	1
1274	2
1275	1
1276	0
1277	3
1278	3
1279	1
1280	2
1281	0
1282	0
1283	0
1284	0
1285	4
1286	3
1287	1
1288	3
1289	4
1290	3
1291	1
1292	7
1293	1
1294	0
1295	3
1296	1
1297	2
1298	3
1299	4
1300	4
1301	0
1302	2
1303	1
1304	1
1305	4
1306	1
1307	3
1308	1
1309	1
1310	2
1311	0
1312	4
1313	1
1314	2
1315	1
1316	1
1317	0
1318	2
1319	3
1320	0
1321	4
1322	2
1323	1
1324	2
1325	0
1326	4
1327	1
1328	2
1329	1
1330	1
1331	2
1332	7
1333	0
1334	3
1335	4
1336	0
1337	3
1338	2
1339	1
1340	2
1341	0
1342	2
1343	3
1344	2
1345	1
1346	0
1347	3
1348	5
1349	2
1350	1
1351	1
1352	1
1353	3
1354	3
1355	3
1356	1
1357	3
1358	3
1359	2
1360	1
1361	2
1362	0
1363	1
1364	1
1365	3
1366	2
1367	3
1368	4
1369	2
1370	0
1371	2
1372	1
1373	0
1374	3
1375	6
1376	1
1377	0
1378	0
1379	1
1380	4
1381	2
1382	2
1383	2
1384	4
1385	3
1386	4
1387	2
1388	0
1389	1
1390	2
1391	1
1392	1
1393	2
1394	5
1395	1
1396	1
1397	2
1398	2
1399	4
1400	1
1401	2
1402	2
1403	2
1404	2
1405	3
1406	1
1407	0
1408	1
1409	1
1410	5
1411	2
1412	3
1413	2
1414	2
1415	1
1416	0
1417	2
1418	3
1419	1
1420	2
1421	2
1422	1
1423	1
1424	1
1425	0
1426	1
1427	1
1428	0
1429	4
1430	2
1431	2
1432	1
1433	1
1434	2
1435	1
1436	0
1437	1
1438	1
1439	0
1440	1
1441	2
1442	1
1443	2
1444	1
1445	3
1446	2
1447	2
1448	4
1449	0
1450	1
1451	3
1452	2
1453	0
1454	1
1455	1
1456	0
1457	0
1458	0
1459	0
1460	2
1461	0
1462	0
1463	2
1464	2
1465	1
1466	1
1467	1
1468	3
1469	0
1470	0
1471	2
1472	3
1473	1
1474	1
1475	0
1476	2
1477	4
1478	2
1479	3
1480	2
1481	3
1482	2
1483	2
1484	1
1485	0
1486	1
1487	2
1488	1
1489	3
1490	0
1491	0
1492	0
1493	3
1494	1
1495	1
1496	1
1497	0
1498	2
1499	1
1500	1
1501	1
1502	3
1503	1
1504	0
1505	2
1506	0
1507	1
1508	2
1509	2
1510	3
1511	0
1512	0
1513	1
1514	1
1515	0
1516	1
1517	4
1518	2
1519	0
1520	2
1521	3
1522	0
1523	1
1524	1
1525	5
1526	1
1527	1
1528	1
1529	3
1530	0
1531	1
1532	0
1533	3
1534	3
1535	4
1536	2
1537	1
1538	5
1539	1
1540	1
1541	3
1542	1
1543	3
1544	0
1545	0
1546	1
1547	1
1548	1
1549	1
1550	2
1551	1
1552	1
1553	1
1554	4
1555	2
1556	0
1557	2
1558	2
1559	1
1560	1
1561	0
1562	1
1563	2
1564	0
1565	4
1566	0
1567	2
1568	1
1569	2
1570	4
1571	2
1572	1
1573	2
1574	0
1575	1
1576	1
1577	4
1578	3
1579	1
1580	3
1581	0
1582	0
1583	3
1584	1
1585	1
1586	1
1587	2
1588	1
1589	1
1590	2
1591	2
1592	3
1593	1
1594	3
1595	1
1596	1
1597	3
1598	1
1599	2
1600	0
1601	2
1602	0
1603	5
1604	1
1605	3
1606	1
1607	1
1608	3
1609	1
1610	1
1611	2
1612	1
1613	2
1614	0
1615	1
1616	0
1617	1
1618	0
1619	2
1620	1
1621	0
1622	0
1623	2
1624	2
1625	2
1626	3
1627	2
1628	3
1629	1
1630	1
1631	2
1632	2
1633	2
1634	1
1635	2
1636	1
1637	3
1638	0
1639	2
1640	2
1641	2
1642	3
1643	1
1644	4
1645	2
1646	3
1647	0
1648	1
1649	3
1650	2
1651	1
1652	1
1653	2
1654	0
1655	1
1656	1
1657	1
1658	1
1659	0
1660	1
1661	0
1662	2
1663	0
1664	1
1665	1
1666	1
1667	1
1668	3
1669	0
1670	1
1671	4
1672	2
1673	1
1674	0
1675	1
1676	1
1677	2
1678	2
1679	0
1680	1
1681	6
1682	3
1683	1
1684	0
1685	0
1686	0
1687	0
1688	3
1689	0
1690	0
1691	2
1692	3
1693	1
1694	0
1695	0
1696	2
1697	4
1698	3
1699	1
1700	1
1701	1
1702	1
1703	0
1704	1
1705	1
1706	1
1707	1
1708	1
1709	0
1710	1
1711	1
1712	0
1713	0
1714	2
1715	0
1716	0
1717	2
1718	0
1719	2
1720	1
1721	1
1722	0
1723	1
1724	0
1725	1
1726	1
1727	1
1728	1
1729	0
1730	3
1731	2
1732	2
1733	1
1734	1
1735	1
1736	3
1737	1
1738	0
1739	0
1740	2
1741	1
1742	2
1743	0
1744	1
1745	3
1746	0
1747	0
1748	1
1749	1
1750	0
1751	0
1752	1
1753	1
1754	1
1755	1
1756	2
1757	1
1758	3
1759	1
1760	1
1761	0
1762	0
1763	2
1764	0
1765	1
1766	2
1767	1
1768	1
1769	1
1770	1
1771	1
1772	1
1773	1
1774	0
1775	1
1776	2
1777	0
1778	2
1779	0
1780	2
1781	1
1782	1
1783	0
1784	1
1785	1
1786	1
1787	0
1788	3
1789	0
1790	1
1791	1
1792	0
1793	1
1794	1
1795	1
1796	1
1797	1
1798	1
1799	2
1800	0
1801	1
1802	1
1803	0
1804	1
1805	0
1806	4
1807	0
1808	0
1809	1
1810	1
1811	1
1812	0
1813	0
1814	1
1815	0
1816	2
1817	1
1818	1
1819	1
1820	0
1821	1
1822	1
1823	1
1824	2
1825	2
1826	1
1827	2
1828	1
1829	0
1830	1
1831	0
1832	0
1833	0
1834	1
1835	0
1836	1
1837	0
1838	1
1839	0
1840	0
1841	1
1842	0
1843	0
1844	1
1845	0
1846	2
1847	1
1848	1
1849	0
1850	1
1851	0
1852	2
1853	0
1854	1
1855	2
1856	3
1857	2
1858	1
1859	0
1860	1
1861	1
1862	0
1863	1
1864	1
1865	0
1866	0
1867	0
1868	1
1869	1
1870	2
1871	1
1872	0
1873	0
1874	0
1875	0
1876	1
1877	0
1878	1
1879	0
1880	1
1881	0
1882	0
1883	0
1884	0
1885	0
1886	0
1887	1
1888	0
1889	1
1890	2
1891	1
1892	0
1893	1
1894	2
1895	1
1896	1
1897	1
1898	1
1899	1
1900	1
1901	0
1902	1
1903	1
1904	0
1905	3
1906	0
1907	0
1908	0
1909	0
1910	1
1911	0
1912	3
1913	0
1914	2
1915	1
1916	0
1917	0
1918	1
1919	1
1920	1
1921	0
1922	2
1923	0
1924	0
1925	1
1926	1
1927	0
1928	1
1929	1
1930	0
1931	0
1932	2
1933	4
1934	1
1935	0
1936	0
1937	0
1938	1
1939	1
1940	2
1941	0
1942	0
1943	1
1944	0
1945	0
1946	0
1947	0
1948	0
1949	2
1950	0
1951	3
1952	0
1953	1
1954	1
1955	0
1956	2
1957	0
1958	0
1959	0
1960	1
1961	2
1962	1
1963	0
1964	1
1965	1
1966	0
1967	0
1968	2
1969	1
1970	1
1971	2
1972	1
1973	0
1974	2
1975	2
1976	0
1977	2
1978	1
1979	0
1980	0
1981	1
1982	0
1983	1
1984	1
1985	0
1986	1
1987	0
1988	1
1989	0
1990	1
1991	3
1992	1
1993	2
1994	0
1995	0
1996	1
1997	1
1998	4
1999	1
2000	0
2001	2
2002	1
2003	0
2004	1
2005	3
2006	3
2007	3
2008	4
2009	3
2010	1
2011	1
2012	0
2013	0
2014	1
2015	2
2016	0
2017	0
2018	0
2019	1
2020	3
2021	0
2022	0
2023	1
2024	1
2025	2
2026	0
2027	0
2028	2
2029	3
2030	1
2031	0
2032	3
2033	0
2034	0
2035	0
2036	0
2037	0
2038	0
2039	0
2040	0
2041	0
2042	0
2043	0
2044	0
2045	0
2046	0
2047	0
2048	0
