DeviceName	Стенд N 4
LTime	600,007718
KevPerCh	
NullEnCh	
	
Channel	Counts
1	0
2	0
3	1
4	0
5	0
6	1
7	0
8	0
9	1
10	1
11	2
12	0
13	0
14	1
15	0
16	2
17	3
18	3
19	1
20	2
21	0
22	1
23	2
24	1
25	1
26	1
27	0
28	0
29	4
30	0
31	2
32	2
33	4
34	0
35	3
36	1
37	4
38	0
39	1
40	1
41	0
42	1
43	1
44	0
45	2
46	2
47	4
48	3
49	2
50	5
51	3
52	2
53	3
54	0
55	6
56	4
57	2
58	6
59	2
60	3
61	3
62	1
63	1
64	2
65	0
66	1
67	0
68	2
69	2
70	5
71	5
72	2
73	0
74	3
75	6
76	2
77	5
78	3
79	8
80	7
81	14
82	12
83	15
84	15
85	20
86	38
87	36
88	42
89	51
90	61
91	74
92	93
93	111
94	116
95	115
96	110
97	133
98	139
99	130
100	162
101	151
102	168
103	160
104	169
105	155
106	161
107	177
108	155
109	186
110	181
111	194
112	181
113	175
114	191
115	203
116	202
117	171
118	196
119	192
120	200
121	205
122	187
123	204
124	216
125	210
126	209
127	219
128	217
129	237
130	214
131	231
132	203
133	222
134	212
135	212
136	201
137	201
138	210
139	221
140	225
141	240
142	235
143	225
144	220
145	262
146	251
147	212
148	241
149	231
150	220
151	263
152	241
153	233
154	241
155	251
156	260
157	268
158	264
159	299
160	285
161	274
162	310
163	353
164	315
165	383
166	350
167	350
168	412
169	431
170	480
171	475
172	484
173	424
174	449
175	439
176	415
177	375
178	364
179	369
180	326
181	308
182	302
183	319
184	296
185	306
186	302
187	299
188	306
189	334
190	297
191	281
192	302
193	274
194	295
195	251
196	274
197	260
198	262
199	267
200	257
201	246
202	232
203	240
204	242
205	256
206	252
207	233
208	263
209	230
210	249
211	241
212	240
213	242
214	256
215	253
216	258
217	246
218	248
219	236
220	258
221	241
222	238
223	254
224	240
225	241
226	259
227	259
228	280
229	263
230	246
231	235
232	268
233	246
234	260
235	261
236	267
237	260
238	263
239	272
240	264
241	253
242	255
243	252
244	265
245	267
246	256
247	234
248	269
249	277
250	264
251	260
252	269
253	263
254	284
255	285
256	282
257	276
258	262
259	290
260	306
261	264
262	264
263	270
264	251
265	283
266	264
267	305
268	300
269	284
270	305
271	303
272	289
273	251
274	259
275	263
276	279
277	279
278	255
279	322
280	268
281	253
282	274
283	273
284	283
285	255
286	283
287	270
288	281
289	253
290	284
291	268
292	277
293	259
294	315
295	276
296	268
297	269
298	262
299	276
300	277
301	266
302	268
303	239
304	288
305	268
306	293
307	258
308	274
309	289
310	264
311	250
312	274
313	283
314	267
315	284
316	268
317	251
318	267
319	254
320	258
321	290
322	286
323	311
324	228
325	287
326	260
327	255
328	308
329	284
330	305
331	257
332	274
333	290
334	301
335	283
336	290
337	297
338	294
339	299
340	311
341	294
342	334
343	317
344	302
345	347
346	333
347	328
348	352
349	311
350	327
351	339
352	367
353	337
354	332
355	337
356	355
357	401
358	361
359	370
360	384
361	391
362	432
363	419
364	407
365	406
366	460
367	418
368	478
369	474
370	440
371	455
372	442
373	425
374	451
375	463
376	453
377	449
378	515
379	438
380	439
381	451
382	398
383	436
384	432
385	420
386	446
387	440
388	445
389	454
390	417
391	446
392	419
393	443
394	438
395	430
396	403
397	411
398	402
399	417
400	430
401	382
402	394
403	431
404	430
405	356
406	378
407	379
408	377
409	408
410	380
411	369
412	389
413	363
414	364
415	359
416	379
417	378
418	356
419	317
420	373
421	340
422	350
423	358
424	342
425	342
426	375
427	355
428	301
429	355
430	344
431	324
432	324
433	303
434	298
435	306
436	325
437	324
438	334
439	274
440	328
441	290
442	275
443	299
444	301
445	268
446	279
447	324
448	257
449	313
450	250
451	290
452	274
453	290
454	274
455	272
456	267
457	250
458	277
459	279
460	258
461	276
462	257
463	290
464	295
465	270
466	249
467	232
468	270
469	246
470	249
471	219
472	253
473	245
474	252
475	258
476	267
477	224
478	232
479	248
480	231
481	204
482	254
483	242
484	238
485	244
486	228
487	271
488	234
489	261
490	250
491	245
492	242
493	227
494	256
495	245
496	200
497	200
498	226
499	226
500	202
501	197
502	204
503	212
504	227
505	189
506	221
507	216
508	221
509	199
510	195
511	219
512	201
513	221
514	229
515	199
516	179
517	173
518	169
519	201
520	202
521	234
522	178
523	177
524	222
525	189
526	185
527	187
528	192
529	195
530	204
531	196
532	223
533	199
534	196
535	196
536	198
537	203
538	192
539	192
540	186
541	187
542	190
543	192
544	198
545	187
546	186
547	186
548	189
549	183
550	188
551	182
552	191
553	165
554	196
555	168
556	200
557	188
558	186
559	189
560	201
561	166
562	178
563	180
564	157
565	162
566	174
567	189
568	165
569	173
570	170
571	185
572	200
573	172
574	173
575	165
576	161
577	170
578	162
579	180
580	159
581	171
582	174
583	178
584	179
585	174
586	178
587	175
588	174
589	193
590	181
591	161
592	168
593	165
594	150
595	171
596	177
597	186
598	180
599	156
600	169
601	162
602	179
603	152
604	170
605	183
606	159
607	178
608	156
609	155
610	184
611	175
612	134
613	145
614	147
615	158
616	171
617	158
618	151
619	141
620	153
621	184
622	153
623	167
624	155
625	184
626	159
627	179
628	159
629	182
630	153
631	170
632	168
633	172
634	165
635	154
636	165
637	155
638	151
639	163
640	167
641	146
642	155
643	151
644	165
645	141
646	154
647	169
648	157
649	137
650	155
651	158
652	171
653	149
654	152
655	147
656	182
657	153
658	152
659	166
660	190
661	191
662	146
663	159
664	148
665	159
666	135
667	162
668	131
669	142
670	147
671	154
672	160
673	156
674	157
675	152
676	152
677	154
678	163
679	154
680	143
681	151
682	170
683	150
684	178
685	137
686	155
687	137
688	150
689	145
690	167
691	148
692	146
693	165
694	147
695	152
696	152
697	155
698	151
699	161
700	135
701	140
702	151
703	146
704	135
705	157
706	147
707	152
708	145
709	158
710	136
711	127
712	139
713	156
714	154
715	123
716	140
717	152
718	163
719	171
720	133
721	154
722	140
723	149
724	152
725	132
726	150
727	117
728	142
729	139
730	148
731	144
732	144
733	141
734	138
735	153
736	146
737	133
738	159
739	167
740	161
741	143
742	159
743	191
744	163
745	170
746	156
747	152
748	139
749	169
750	148
751	139
752	146
753	127
754	136
755	164
756	134
757	158
758	160
759	131
760	160
761	147
762	161
763	151
764	168
765	149
766	142
767	148
768	157
769	145
770	151
771	131
772	121
773	153
774	140
775	142
776	143
777	155
778	167
779	133
780	135
781	137
782	160
783	153
784	135
785	152
786	130
787	134
788	131
789	151
790	166
791	142
792	140
793	141
794	133
795	168
796	133
797	165
798	136
799	147
800	143
801	125
802	146
803	140
804	132
805	153
806	150
807	132
808	153
809	149
810	122
811	155
812	149
813	145
814	143
815	141
816	141
817	172
818	126
819	137
820	141
821	143
822	115
823	148
824	132
825	155
826	159
827	106
828	128
829	122
830	137
831	138
832	148
833	164
834	138
835	119
836	143
837	140
838	140
839	150
840	108
841	163
842	144
843	140
844	137
845	148
846	142
847	127
848	148
849	140
850	126
851	137
852	138
853	144
854	150
855	157
856	147
857	147
858	147
859	138
860	140
861	118
862	130
863	140
864	130
865	113
866	158
867	158
868	144
869	130
870	156
871	139
872	129
873	127
874	147
875	150
876	140
877	137
878	138
879	148
880	162
881	144
882	176
883	141
884	129
885	159
886	166
887	147
888	153
889	142
890	141
891	125
892	130
893	152
894	157
895	132
896	146
897	126
898	134
899	127
900	150
901	135
902	148
903	157
904	154
905	161
906	175
907	124
908	131
909	123
910	142
911	155
912	147
913	147
914	155
915	157
916	137
917	133
918	160
919	130
920	136
921	150
922	145
923	139
924	130
925	121
926	138
927	140
928	136
929	125
930	134
931	141
932	138
933	136
934	145
935	145
936	128
937	142
938	153
939	141
940	145
941	154
942	149
943	141
944	139
945	149
946	138
947	141
948	126
949	161
950	138
951	151
952	157
953	139
954	149
955	141
956	146
957	139
958	136
959	125
960	149
961	159
962	154
963	142
964	134
965	139
966	131
967	149
968	138
969	143
970	151
971	166
972	131
973	156
974	141
975	152
976	147
977	136
978	145
979	142
980	141
981	149
982	126
983	148
984	152
985	155
986	145
987	154
988	146
989	140
990	121
991	148
992	162
993	139
994	147
995	132
996	115
997	137
998	153
999	150
1000	152
1001	147
1002	143
1003	153
1004	159
1005	141
1006	155
1007	130
1008	147
1009	146
1010	140
1011	149
1012	141
1013	132
1014	130
1015	146
1016	168
1017	147
1018	162
1019	130
1020	145
1021	138
1022	148
1023	147
1024	136
1025	142
1026	155
1027	162
1028	145
1029	134
1030	134
1031	154
1032	171
1033	162
1034	121
1035	140
1036	148
1037	151
1038	164
1039	137
1040	157
1041	146
1042	147
1043	138
1044	178
1045	145
1046	156
1047	153
1048	155
1049	138
1050	161
1051	186
1052	153
1053	145
1054	171
1055	139
1056	141
1057	135
1058	140
1059	132
1060	128
1061	142
1062	154
1063	131
1064	165
1065	154
1066	152
1067	127
1068	163
1069	143
1070	130
1071	153
1072	137
1073	164
1074	157
1075	152
1076	155
1077	147
1078	144
1079	125
1080	133
1081	128
1082	162
1083	147
1084	175
1085	135
1086	148
1087	131
1088	154
1089	155
1090	138
1091	150
1092	169
1093	144
1094	133
1095	133
1096	138
1097	139
1098	154
1099	158
1100	141
1101	159
1102	140
1103	149
1104	137
1105	153
1106	148
1107	142
1108	138
1109	145
1110	140
1111	166
1112	139
1113	153
1114	142
1115	166
1116	150
1117	164
1118	150
1119	163
1120	144
1121	169
1122	138
1123	154
1124	150
1125	179
1126	156
1127	131
1128	127
1129	167
1130	161
1131	145
1132	173
1133	160
1134	159
1135	144
1136	159
1137	154
1138	165
1139	178
1140	151
1141	161
1142	155
1143	150
1144	139
1145	146
1146	175
1147	152
1148	139
1149	165
1150	160
1151	152
1152	141
1153	135
1154	176
1155	150
1156	163
1157	165
1158	167
1159	163
1160	145
1161	165
1162	134
1163	141
1164	148
1165	154
1166	149
1167	166
1168	168
1169	162
1170	146
1171	160
1172	159
1173	154
1174	158
1175	149
1176	181
1177	159
1178	169
1179	170
1180	141
1181	152
1182	162
1183	141
1184	156
1185	138
1186	159
1187	168
1188	151
1189	164
1190	149
1191	151
1192	170
1193	144
1194	172
1195	165
1196	181
1197	162
1198	159
1199	188
1200	174
1201	159
1202	177
1203	179
1204	147
1205	163
1206	158
1207	160
1208	167
1209	148
1210	179
1211	147
1212	156
1213	166
1214	197
1215	162
1216	167
1217	172
1218	148
1219	173
1220	181
1221	160
1222	166
1223	175
1224	173
1225	148
1226	189
1227	138
1228	170
1229	186
1230	173
1231	175
1232	166
1233	180
1234	164
1235	166
1236	166
1237	151
1238	184
1239	184
1240	166
1241	181
1242	173
1243	165
1244	185
1245	153
1246	208
1247	153
1248	160
1249	165
1250	176
1251	184
1252	184
1253	176
1254	155
1255	166
1256	156
1257	160
1258	172
1259	166
1260	158
1261	176
1262	160
1263	164
1264	176
1265	166
1266	158
1267	175
1268	168
1269	188
1270	159
1271	169
1272	162
1273	172
1274	198
1275	185
1276	179
1277	192
1278	171
1279	184
1280	180
1281	176
1282	159
1283	159
1284	158
1285	198
1286	169
1287	177
1288	190
1289	181
1290	152
1291	184
1292	198
1293	164
1294	163
1295	179
1296	177
1297	149
1298	167
1299	157
1300	177
1301	171
1302	153
1303	159
1304	171
1305	199
1306	175
1307	207
1308	182
1309	193
1310	178
1311	187
1312	168
1313	149
1314	194
1315	156
1316	170
1317	173
1318	158
1319	155
1320	161
1321	175
1322	182
1323	187
1324	166
1325	170
1326	166
1327	182
1328	189
1329	187
1330	176
1331	156
1332	173
1333	165
1334	176
1335	154
1336	167
1337	167
1338	163
1339	150
1340	153
1341	154
1342	186
1343	177
1344	167
1345	158
1346	144
1347	165
1348	158
1349	162
1350	171
1351	142
1352	150
1353	175
1354	163
1355	148
1356	156
1357	167
1358	128
1359	159
1360	168
1361	155
1362	130
1363	157
1364	144
1365	150
1366	155
1367	121
1368	152
1369	155
1370	144
1371	152
1372	143
1373	148
1374	134
1375	151
1376	141
1377	122
1378	143
1379	141
1380	136
1381	137
1382	148
1383	143
1384	133
1385	134
1386	146
1387	137
1388	142
1389	129
1390	99
1391	150
1392	134
1393	132
1394	141
1395	129
1396	126
1397	126
1398	130
1399	137
1400	116
1401	112
1402	115
1403	131
1404	117
1405	126
1406	142
1407	120
1408	127
1409	134
1410	124
1411	125
1412	120
1413	126
1414	105
1415	120
1416	119
1417	105
1418	109
1419	133
1420	106
1421	111
1422	119
1423	121
1424	111
1425	94
1426	119
1427	124
1428	92
1429	121
1430	136
1431	112
1432	118
1433	113
1434	102
1435	115
1436	116
1437	110
1438	123
1439	117
1440	124
1441	113
1442	111
1443	123
1444	110
1445	107
1446	114
1447	115
1448	113
1449	121
1450	109
1451	133
1452	119
1453	105
1454	109
1455	111
1456	122
1457	122
1458	112
1459	96
1460	121
1461	102
1462	132
1463	98
1464	127
1465	103
1466	99
1467	110
1468	103
1469	139
1470	107
1471	122
1472	99
1473	136
1474	122
1475	105
1476	95
1477	102
1478	108
1479	111
1480	97
1481	114
1482	118
1483	114
1484	127
1485	89
1486	104
1487	108
1488	100
1489	87
1490	110
1491	115
1492	118
1493	105
1494	107
1495	96
1496	92
1497	102
1498	117
1499	104
1500	89
1501	97
1502	116
1503	113
1504	124
1505	117
1506	104
1507	113
1508	98
1509	105
1510	108
1511	111
1512	102
1513	105
1514	110
1515	101
1516	122
1517	110
1518	100
1519	114
1520	108
1521	107
1522	110
1523	115
1524	122
1525	105
1526	104
1527	115
1528	88
1529	110
1530	103
1531	122
1532	98
1533	111
1534	110
1535	97
1536	115
1537	92
1538	100
1539	100
1540	117
1541	103
1542	76
1543	102
1544	100
1545	96
1546	92
1547	111
1548	89
1549	103
1550	91
1551	103
1552	101
1553	107
1554	101
1555	82
1556	81
1557	89
1558	100
1559	92
1560	110
1561	95
1562	86
1563	98
1564	88
1565	95
1566	97
1567	110
1568	92
1569	85
1570	92
1571	102
1572	98
1573	95
1574	99
1575	98
1576	96
1577	86
1578	87
1579	93
1580	105
1581	100
1582	106
1583	89
1584	126
1585	98
1586	95
1587	90
1588	103
1589	89
1590	87
1591	104
1592	93
1593	121
1594	91
1595	105
1596	125
1597	116
1598	104
1599	120
1600	104
1601	142
1602	123
1603	123
1604	112
1605	140
1606	148
1607	139
1608	139
1609	163
1610	154
1611	177
1612	174
1613	181
1614	157
1615	198
1616	181
1617	207
1618	175
1619	189
1620	213
1621	191
1622	208
1623	217
1624	202
1625	190
1626	225
1627	225
1628	230
1629	235
1630	216
1631	248
1632	278
1633	288
1634	270
1635	260
1636	263
1637	304
1638	255
1639	266
1640	303
1641	271
1642	292
1643	318
1644	340
1645	347
1646	329
1647	317
1648	338
1649	349
1650	341
1651	328
1652	361
1653	343
1654	367
1655	385
1656	384
1657	389
1658	405
1659	370
1660	390
1661	424
1662	387
1663	381
1664	416
1665	396
1666	408
1667	378
1668	413
1669	397
1670	398
1671	431
1672	379
1673	446
1674	392
1675	412
1676	455
1677	411
1678	441
1679	388
1680	416
1681	409
1682	419
1683	397
1684	412
1685	372
1686	363
1687	370
1688	329
1689	366
1690	380
1691	381
1692	355
1693	363
1694	348
1695	324
1696	358
1697	351
1698	342
1699	322
1700	315
1701	308
1702	287
1703	301
1704	277
1705	280
1706	285
1707	265
1708	235
1709	247
1710	226
1711	212
1712	204
1713	228
1714	228
1715	220
1716	194
1717	205
1718	175
1719	184
1720	189
1721	183
1722	169
1723	175
1724	157
1725	134
1726	150
1727	150
1728	123
1729	127
1730	125
1731	124
1732	113
1733	104
1734	107
1735	100
1736	99
1737	82
1738	93
1739	71
1740	84
1741	92
1742	82
1743	80
1744	80
1745	71
1746	59
1747	74
1748	68
1749	53
1750	68
1751	52
1752	44
1753	48
1754	48
1755	58
1756	41
1757	28
1758	40
1759	33
1760	56
1761	31
1762	56
1763	29
1764	36
1765	28
1766	32
1767	46
1768	26
1769	25
1770	42
1771	26
1772	32
1773	31
1774	38
1775	32
1776	33
1777	37
1778	25
1779	37
1780	37
1781	33
1782	31
1783	34
1784	32
1785	27
1786	38
1787	31
1788	45
1789	34
1790	35
1791	45
1792	42
1793	35
1794	37
1795	39
1796	46
1797	59
1798	42
1799	46
1800	44
1801	36
1802	56
1803	61
1804	64
1805	61
1806	57
1807	46
1808	59
1809	53
1810	53
1811	55
1812	53
1813	73
1814	79
1815	72
1816	67
1817	86
1818	97
1819	83
1820	88
1821	75
1822	83
1823	85
1824	116
1825	100
1826	84
1827	117
1828	93
1829	107
1830	129
1831	115
1832	129
1833	131
1834	141
1835	121
1836	129
1837	119
1838	174
1839	159
1840	167
1841	150
1842	166
1843	163
1844	164
1845	176
1846	172
1847	178
1848	181
1849	163
1850	178
1851	223
1852	192
1853	196
1854	226
1855	211
1856	199
1857	242
1858	246
1859	225
1860	226
1861	241
1862	250
1863	256
1864	272
1865	237
1866	242
1867	279
1868	285
1869	257
1870	278
1871	316
1872	274
1873	291
1874	267
1875	305
1876	305
1877	302
1878	310
1879	294
1880	312
1881	334
1882	300
1883	318
1884	306
1885	309
1886	331
1887	306
1888	352
1889	310
1890	303
1891	317
1892	312
1893	294
1894	294
1895	339
1896	306
1897	327
1898	309
1899	374
1900	288
1901	306
1902	331
1903	316
1904	275
1905	299
1906	304
1907	281
1908	268
1909	277
1910	275
1911	288
1912	270
1913	256
1914	283
1915	261
1916	275
1917	267
1918	252
1919	261
1920	233
1921	267
1922	241
1923	181
1924	236
1925	212
1926	201
1927	215
1928	179
1929	184
1930	198
1931	186
1932	196
1933	181
1934	215
1935	166
1936	179
1937	161
1938	158
1939	138
1940	161
1941	129
1942	120
1943	129
1944	140
1945	125
1946	111
1947	110
1948	118
1949	102
1950	95
1951	103
1952	94
1953	77
1954	102
1955	86
1956	85
1957	62
1958	63
1959	64
1960	85
1961	62
1962	61
1963	53
1964	61
1965	61
1966	44
1967	45
1968	37
1969	42
1970	44
1971	52
1972	44
1973	44
1974	51
1975	33
1976	26
1977	30
1978	41
1979	21
1980	36
1981	32
1982	26
1983	30
1984	31
1985	34
1986	22
1987	19
1988	22
1989	22
1990	25
1991	21
1992	25
1993	27
1994	25
1995	18
1996	15
1997	16
1998	25
1999	14
2000	15
2001	25
2002	24
2003	18
2004	19
2005	13
2006	11
2007	21
2008	17
2009	16
2010	8
2011	18
2012	18
2013	14
2014	22
2015	24
2016	9
2017	10
2018	18
2019	18
2020	15
2021	17
2022	11
2023	11
2024	13
2025	15
2026	10
2027	9
2028	14
2029	15
2030	14
2031	21
2032	6
2033	0
2034	0
2035	0
2036	0
2037	0
2038	0
2039	0
2040	0
2041	0
2042	0
2043	0
2044	0
2045	0
2046	0
2047	0
2048	0
