DeviceName	Стенд N 4
LTime	600,001599
KevPerCh	
NullEnCh	
	
Channel	Counts
1	0
2	1
3	0
4	0
5	0
6	0
7	0
8	0
9	1
10	0
11	0
12	0
13	0
14	0
15	0
16	0
17	1
18	0
19	0
20	0
21	0
22	0
23	0
24	1
25	0
26	0
27	0
28	0
29	0
30	0
31	0
32	0
33	0
34	0
35	2
36	0
37	1
38	1
39	1
40	0
41	1
42	0
43	0
44	1
45	2
46	1
47	1
48	2
49	0
50	0
51	0
52	2
53	1
54	0
55	4
56	2
57	2
58	2
59	0
60	4
61	0
62	1
63	4
64	4
65	4
66	3
67	2
68	3
69	1
70	4
71	4
72	4
73	2
74	6
75	3
76	2
77	4
78	5
79	4
80	4
81	14
82	11
83	22
84	27
85	36
86	44
87	59
88	76
89	91
90	105
91	114
92	142
93	174
94	217
95	262
96	318
97	387
98	454
99	583
100	617
101	747
102	876
103	1007
104	1057
105	1107
106	1075
107	976
108	888
109	723
110	631
111	529
112	465
113	398
114	369
115	341
116	339
117	257
118	265
119	227
120	212
121	197
122	209
123	192
124	216
125	220
126	183
127	208
128	221
129	234
130	231
131	229
132	225
133	228
134	202
135	232
136	211
137	218
138	213
139	244
140	225
141	204
142	228
143	207
144	211
145	239
146	221
147	254
148	250
149	218
150	212
151	233
152	259
153	242
154	267
155	253
156	269
157	244
158	248
159	258
160	280
161	260
162	301
163	303
164	303
165	330
166	382
167	351
168	391
169	410
170	484
171	431
172	430
173	411
174	388
175	412
176	373
177	359
178	329
179	291
180	295
181	281
182	292
183	279
184	310
185	261
186	275
187	308
188	316
189	304
190	311
191	317
192	301
193	287
194	218
195	228
196	265
197	220
198	267
199	228
200	224
201	238
202	233
203	237
204	221
205	231
206	233
207	208
208	244
209	233
210	223
211	236
212	237
213	232
214	242
215	232
216	219
217	236
218	224
219	208
220	244
221	223
222	229
223	258
224	228
225	222
226	256
227	255
228	265
229	232
230	243
231	274
232	250
233	226
234	239
235	259
236	275
237	247
238	280
239	224
240	257
241	272
242	240
243	270
244	256
245	244
246	252
247	256
248	254
249	261
250	258
251	307
252	246
253	271
254	277
255	228
256	287
257	284
258	252
259	272
260	266
261	269
262	266
263	285
264	248
265	262
266	265
267	255
268	242
269	258
270	262
271	248
272	239
273	258
274	263
275	239
276	260
277	247
278	228
279	243
280	248
281	243
282	231
283	255
284	244
285	246
286	278
287	274
288	284
289	283
290	256
291	231
292	265
293	267
294	269
295	255
296	235
297	312
298	251
299	251
300	253
301	270
302	280
303	229
304	266
305	251
306	278
307	279
308	305
309	307
310	297
311	305
312	326
313	323
314	308
315	334
316	361
317	376
318	333
319	352
320	382
321	377
322	402
323	385
324	420
325	403
326	396
327	404
328	475
329	424
330	442
331	411
332	410
333	442
334	436
335	413
336	446
337	419
338	470
339	385
340	452
341	417
342	434
343	416
344	412
345	426
346	438
347	396
348	422
349	434
350	387
351	415
352	402
353	362
354	400
355	354
356	418
357	369
358	353
359	407
360	370
361	343
362	406
363	355
364	341
365	376
366	354
367	352
368	348
369	349
370	321
371	364
372	344
373	327
374	326
375	348
376	312
377	311
378	317
379	324
380	286
381	288
382	353
383	283
384	319
385	273
386	287
387	268
388	306
389	271
390	255
391	293
392	270
393	289
394	254
395	254
396	251
397	280
398	267
399	278
400	232
401	252
402	247
403	241
404	258
405	235
406	226
407	228
408	222
409	245
410	262
411	226
412	254
413	244
414	245
415	230
416	232
417	240
418	251
419	224
420	212
421	222
422	204
423	243
424	232
425	259
426	200
427	234
428	219
429	228
430	207
431	234
432	230
433	213
434	220
435	203
436	225
437	188
438	207
439	213
440	202
441	207
442	211
443	188
444	188
445	223
446	203
447	190
448	181
449	192
450	180
451	181
452	192
453	201
454	205
455	218
456	181
457	193
458	196
459	190
460	191
461	186
462	180
463	199
464	197
465	208
466	176
467	204
468	179
469	185
470	161
471	162
472	195
473	171
474	186
475	185
476	192
477	174
478	158
479	180
480	182
481	172
482	162
483	172
484	174
485	159
486	175
487	156
488	179
489	205
490	182
491	178
492	185
493	139
494	178
495	149
496	166
497	156
498	178
499	179
500	177
501	177
502	167
503	183
504	168
505	165
506	155
507	160
508	154
509	171
510	164
511	167
512	167
513	172
514	181
515	160
516	146
517	176
518	157
519	164
520	160
521	171
522	152
523	166
524	172
525	166
526	185
527	180
528	153
529	146
530	191
531	140
532	170
533	167
534	147
535	170
536	161
537	148
538	176
539	148
540	163
541	161
542	176
543	162
544	156
545	156
546	159
547	160
548	152
549	136
550	166
551	167
552	158
553	156
554	162
555	185
556	152
557	163
558	146
559	164
560	174
561	145
562	168
563	148
564	150
565	156
566	151
567	160
568	158
569	162
570	139
571	163
572	155
573	156
574	138
575	133
576	160
577	147
578	151
579	174
580	143
581	140
582	158
583	138
584	161
585	173
586	153
587	177
588	155
589	174
590	149
591	128
592	141
593	163
594	155
595	162
596	144
597	150
598	152
599	156
600	168
601	165
602	154
603	168
604	144
605	138
606	170
607	160
608	143
609	169
610	136
611	155
612	174
613	153
614	148
615	151
616	131
617	147
618	150
619	137
620	136
621	147
622	144
623	127
624	147
625	162
626	163
627	149
628	151
629	152
630	178
631	166
632	163
633	131
634	154
635	168
636	183
637	168
638	176
639	154
640	141
641	171
642	155
643	160
644	155
645	185
646	166
647	158
648	146
649	160
650	143
651	173
652	162
653	153
654	151
655	173
656	156
657	154
658	150
659	171
660	148
661	155
662	153
663	156
664	152
665	155
666	164
667	153
668	139
669	143
670	129
671	162
672	169
673	143
674	160
675	156
676	118
677	147
678	164
679	131
680	131
681	142
682	137
683	121
684	128
685	124
686	139
687	117
688	128
689	140
690	125
691	138
692	110
693	126
694	137
695	140
696	98
697	82
698	108
699	113
700	103
701	96
702	105
703	118
704	97
705	100
706	98
707	93
708	92
709	99
710	86
711	84
712	76
713	89
714	85
715	72
716	80
717	85
718	88
719	83
720	91
721	64
722	58
723	81
724	79
725	75
726	65
727	67
728	48
729	61
730	72
731	53
732	62
733	65
734	45
735	50
736	57
737	60
738	50
739	53
740	46
741	59
742	47
743	61
744	61
745	56
746	59
747	48
748	45
749	51
750	49
751	40
752	57
753	48
754	45
755	57
756	52
757	44
758	46
759	55
760	42
761	43
762	38
763	41
764	34
765	45
766	60
767	38
768	45
769	36
770	36
771	37
772	37
773	33
774	33
775	43
776	31
777	36
778	51
779	38
780	46
781	39
782	34
783	34
784	29
785	39
786	39
787	41
788	34
789	33
790	33
791	27
792	31
793	50
794	32
795	30
796	37
797	34
798	49
799	34
800	38
801	42
802	24
803	35
804	25
805	28
806	30
807	24
808	27
809	40
810	31
811	26
812	29
813	33
814	31
815	27
816	18
817	42
818	26
819	27
820	24
821	23
822	25
823	22
824	32
825	30
826	24
827	21
828	31
829	30
830	30
831	24
832	17
833	24
834	27
835	29
836	36
837	30
838	28
839	28
840	34
841	29
842	30
843	26
844	37
845	22
846	36
847	28
848	33
849	25
850	30
851	21
852	30
853	32
854	31
855	35
856	30
857	28
858	32
859	25
860	27
861	35
862	33
863	22
864	21
865	34
866	29
867	17
868	40
869	24
870	33
871	19
872	32
873	30
874	26
875	32
876	34
877	26
878	21
879	31
880	40
881	27
882	45
883	33
884	39
885	40
886	36
887	36
888	27
889	33
890	43
891	38
892	36
893	41
894	52
895	57
896	55
897	84
898	65
899	69
900	72
901	89
902	72
903	73
904	86
905	85
906	99
907	103
908	79
909	103
910	130
911	101
912	135
913	153
914	116
915	137
916	154
917	176
918	187
919	200
920	218
921	231
922	209
923	236
924	273
925	283
926	292
927	310
928	308
929	318
930	315
931	360
932	355
933	407
934	405
935	391
936	427
937	473
938	517
939	480
940	568
941	567
942	558
943	659
944	652
945	610
946	640
947	680
948	694
949	706
950	719
951	736
952	765
953	738
954	802
955	821
956	842
957	805
958	873
959	954
960	882
961	900
962	906
963	969
964	947
965	953
966	957
967	1005
968	963
969	979
970	1000
971	1047
972	954
973	1014
974	929
975	1035
976	988
977	924
978	908
979	969
980	912
981	914
982	843
983	880
984	834
985	806
986	771
987	772
988	717
989	706
990	781
991	677
992	666
993	643
994	617
995	617
996	578
997	560
998	516
999	531
1000	472
1001	405
1002	477
1003	414
1004	377
1005	383
1006	332
1007	349
1008	339
1009	329
1010	305
1011	253
1012	222
1013	225
1014	221
1015	201
1016	186
1017	169
1018	150
1019	152
1020	134
1021	129
1022	110
1023	110
1024	108
1025	115
1026	74
1027	69
1028	78
1029	64
1030	54
1031	48
1032	41
1033	43
1034	37
1035	30
1036	30
1037	33
1038	32
1039	24
1040	16
1041	27
1042	10
1043	18
1044	17
1045	12
1046	10
1047	9
1048	8
1049	8
1050	9
1051	13
1052	5
1053	5
1054	11
1055	0
1056	4
1057	2
1058	5
1059	5
1060	4
1061	9
1062	1
1063	3
1064	2
1065	3
1066	5
1067	1
1068	3
1069	3
1070	7
1071	4
1072	3
1073	4
1074	1
1075	5
1076	5
1077	1
1078	3
1079	1
1080	3
1081	3
1082	2
1083	2
1084	2
1085	2
1086	1
1087	1
1088	4
1089	7
1090	5
1091	3
1092	2
1093	3
1094	3
1095	2
1096	1
1097	6
1098	5
1099	2
1100	5
1101	3
1102	1
1103	1
1104	3
1105	5
1106	3
1107	0
1108	1
1109	3
1110	6
1111	3
1112	5
1113	2
1114	2
1115	5
1116	4
1117	5
1118	1
1119	2
1120	3
1121	2
1122	2
1123	2
1124	3
1125	3
1126	1
1127	4
1128	2
1129	3
1130	1
1131	1
1132	5
1133	3
1134	2
1135	1
1136	3
1137	4
1138	2
1139	1
1140	4
1141	2
1142	3
1143	3
1144	4
1145	1
1146	4
1147	6
1148	2
1149	4
1150	4
1151	2
1152	3
1153	5
1154	0
1155	2
1156	0
1157	5
1158	3
1159	2
1160	3
1161	1
1162	4
1163	0
1164	2
1165	2
1166	2
1167	2
1168	2
1169	6
1170	3
1171	0
1172	4
1173	3
1174	4
1175	2
1176	2
1177	3
1178	3
1179	3
1180	1
1181	3
1182	2
1183	1
1184	3
1185	4
1186	3
1187	2
1188	1
1189	3
1190	0
1191	3
1192	0
1193	1
1194	2
1195	1
1196	0
1197	2
1198	4
1199	1
1200	2
1201	2
1202	2
1203	0
1204	3
1205	2
1206	0
1207	3
1208	2
1209	3
1210	4
1211	2
1212	3
1213	1
1214	4
1215	5
1216	3
1217	1
1218	1
1219	2
1220	3
1221	1
1222	3
1223	1
1224	1
1225	2
1226	1
1227	1
1228	0
1229	2
1230	2
1231	3
1232	2
1233	0
1234	3
1235	1
1236	2
1237	3
1238	3
1239	1
1240	1
1241	1
1242	6
1243	3
1244	1
1245	3
1246	4
1247	0
1248	2
1249	3
1250	4
1251	3
1252	1
1253	2
1254	9
1255	3
1256	3
1257	1
1258	0
1259	2
1260	0
1261	2
1262	1
1263	4
1264	3
1265	1
1266	2
1267	6
1268	0
1269	5
1270	0
1271	2
1272	1
1273	2
1274	2
1275	3
1276	1
1277	2
1278	1
1279	1
1280	1
1281	1
1282	2
1283	2
1284	3
1285	0
1286	1
1287	3
1288	0
1289	1
1290	1
1291	1
1292	2
1293	3
1294	2
1295	0
1296	3
1297	4
1298	3
1299	2
1300	1
1301	3
1302	0
1303	1
1304	5
1305	3
1306	0
1307	4
1308	2
1309	0
1310	3
1311	1
1312	2
1313	3
1314	2
1315	0
1316	1
1317	0
1318	2
1319	1
1320	0
1321	1
1322	3
1323	1
1324	2
1325	3
1326	4
1327	2
1328	2
1329	1
1330	4
1331	3
1332	5
1333	1
1334	5
1335	5
1336	0
1337	4
1338	1
1339	2
1340	4
1341	0
1342	1
1343	1
1344	2
1345	0
1346	0
1347	4
1348	0
1349	2
1350	1
1351	3
1352	2
1353	0
1354	2
1355	2
1356	0
1357	4
1358	1
1359	4
1360	2
1361	1
1362	2
1363	1
1364	0
1365	2
1366	3
1367	1
1368	2
1369	1
1370	4
1371	0
1372	0
1373	0
1374	1
1375	2
1376	2
1377	2
1378	1
1379	3
1380	2
1381	0
1382	1
1383	1
1384	3
1385	2
1386	0
1387	1
1388	2
1389	1
1390	1
1391	1
1392	6
1393	0
1394	2
1395	0
1396	1
1397	1
1398	3
1399	0
1400	2
1401	2
1402	4
1403	0
1404	2
1405	1
1406	2
1407	2
1408	3
1409	2
1410	4
1411	1
1412	2
1413	3
1414	3
1415	1
1416	1
1417	2
1418	1
1419	0
1420	1
1421	1
1422	2
1423	4
1424	2
1425	3
1426	1
1427	0
1428	2
1429	2
1430	0
1431	3
1432	1
1433	2
1434	1
1435	2
1436	2
1437	2
1438	1
1439	1
1440	1
1441	2
1442	1
1443	1
1444	1
1445	1
1446	5
1447	3
1448	1
1449	2
1450	0
1451	1
1452	1
1453	1
1454	0
1455	1
1456	1
1457	4
1458	0
1459	1
1460	1
1461	1
1462	2
1463	4
1464	0
1465	1
1466	2
1467	1
1468	2
1469	1
1470	0
1471	0
1472	2
1473	1
1474	1
1475	2
1476	0
1477	1
1478	3
1479	2
1480	2
1481	7
1482	0
1483	4
1484	4
1485	1
1486	2
1487	4
1488	0
1489	1
1490	3
1491	1
1492	0
1493	2
1494	1
1495	0
1496	1
1497	2
1498	1
1499	1
1500	1
1501	1
1502	0
1503	4
1504	0
1505	4
1506	1
1507	1
1508	2
1509	1
1510	1
1511	0
1512	0
1513	0
1514	1
1515	2
1516	1
1517	0
1518	1
1519	4
1520	4
1521	4
1522	0
1523	2
1524	0
1525	1
1526	1
1527	0
1528	1
1529	3
1530	1
1531	1
1532	1
1533	1
1534	1
1535	1
1536	3
1537	1
1538	1
1539	1
1540	1
1541	1
1542	6
1543	0
1544	2
1545	1
1546	3
1547	0
1548	0
1549	1
1550	2
1551	2
1552	3
1553	2
1554	1
1555	3
1556	2
1557	0
1558	0
1559	0
1560	1
1561	2
1562	1
1563	1
1564	2
1565	1
1566	0
1567	0
1568	2
1569	2
1570	2
1571	4
1572	2
1573	1
1574	3
1575	1
1576	2
1577	1
1578	1
1579	0
1580	3
1581	3
1582	3
1583	1
1584	1
1585	0
1586	1
1587	1
1588	1
1589	0
1590	2
1591	1
1592	0
1593	1
1594	4
1595	4
1596	0
1597	2
1598	3
1599	1
1600	0
1601	1
1602	3
1603	2
1604	0
1605	1
1606	2
1607	2
1608	1
1609	3
1610	0
1611	2
1612	0
1613	0
1614	2
1615	2
1616	1
1617	2
1618	0
1619	1
1620	1
1621	2
1622	4
1623	2
1624	1
1625	1
1626	4
1627	2
1628	3
1629	1
1630	3
1631	1
1632	1
1633	4
1634	2
1635	1
1636	1
1637	3
1638	2
1639	2
1640	3
1641	0
1642	0
1643	0
1644	2
1645	1
1646	0
1647	3
1648	2
1649	1
1650	1
1651	1
1652	1
1653	1
1654	2
1655	2
1656	3
1657	3
1658	1
1659	2
1660	1
1661	0
1662	1
1663	2
1664	2
1665	0
1666	0
1667	0
1668	2
1669	0
1670	1
1671	1
1672	2
1673	1
1674	1
1675	4
1676	1
1677	0
1678	2
1679	0
1680	0
1681	1
1682	1
1683	0
1684	3
1685	0
1686	1
1687	0
1688	2
1689	0
1690	0
1691	1
1692	1
1693	2
1694	2
1695	2
1696	0
1697	0
1698	0
1699	4
1700	1
1701	0
1702	1
1703	1
1704	1
1705	1
1706	3
1707	1
1708	2
1709	1
1710	1
1711	3
1712	1
1713	5
1714	1
1715	2
1716	0
1717	0
1718	0
1719	3
1720	0
1721	1
1722	1
1723	0
1724	3
1725	3
1726	3
1727	2
1728	1
1729	1
1730	0
1731	4
1732	0
1733	3
1734	1
1735	1
1736	1
1737	4
1738	2
1739	0
1740	2
1741	0
1742	0
1743	1
1744	0
1745	0
1746	0
1747	1
1748	0
1749	1
1750	0
1751	2
1752	3
1753	1
1754	1
1755	1
1756	2
1757	1
1758	1
1759	1
1760	2
1761	1
1762	2
1763	0
1764	2
1765	0
1766	0
1767	1
1768	2
1769	5
1770	0
1771	1
1772	1
1773	1
1774	1
1775	5
1776	1
1777	0
1778	1
1779	0
1780	2
1781	0
1782	1
1783	2
1784	0
1785	0
1786	1
1787	0
1788	1
1789	1
1790	0
1791	0
1792	0
1793	1
1794	2
1795	1
1796	2
1797	2
1798	0
1799	1
1800	0
1801	1
1802	0
1803	0
1804	1
1805	2
1806	0
1807	0
1808	1
1809	0
1810	1
1811	1
1812	1
1813	0
1814	3
1815	0
1816	0
1817	0
1818	1
1819	0
1820	3
1821	1
1822	2
1823	2
1824	0
1825	2
1826	2
1827	3
1828	0
1829	0
1830	0
1831	0
1832	2
1833	1
1834	1
1835	0
1836	0
1837	1
1838	2
1839	1
1840	0
1841	0
1842	0
1843	0
1844	0
1845	0
1846	2
1847	0
1848	1
1849	1
1850	1
1851	1
1852	2
1853	1
1854	0
1855	1
1856	1
1857	0
1858	1
1859	0
1860	1
1861	0
1862	1
1863	0
1864	0
1865	1
1866	3
1867	0
1868	0
1869	0
1870	1
1871	0
1872	1
1873	0
1874	0
1875	0
1876	0
1877	3
1878	0
1879	1
1880	1
1881	0
1882	1
1883	1
1884	1
1885	0
1886	0
1887	0
1888	0
1889	0
1890	1
1891	0
1892	1
1893	1
1894	0
1895	0
1896	0
1897	0
1898	0
1899	1
1900	0
1901	0
1902	0
1903	0
1904	2
1905	1
1906	0
1907	0
1908	1
1909	0
1910	0
1911	0
1912	1
1913	0
1914	0
1915	1
1916	2
1917	1
1918	1
1919	1
1920	0
1921	1
1922	0
1923	0
1924	2
1925	1
1926	0
1927	0
1928	1
1929	0
1930	0
1931	2
1932	0
1933	0
1934	0
1935	2
1936	0
1937	0
1938	1
1939	1
1940	2
1941	0
1942	1
1943	1
1944	0
1945	2
1946	0
1947	1
1948	1
1949	0
1950	2
1951	2
1952	1
1953	1
1954	2
1955	0
1956	2
1957	0
1958	1
1959	1
1960	1
1961	2
1962	3
1963	0
1964	0
1965	1
1966	1
1967	2
1968	1
1969	0
1970	1
1971	0
1972	1
1973	1
1974	2
1975	1
1976	1
1977	1
1978	3
1979	5
1980	0
1981	1
1982	2
1983	0
1984	1
1985	2
1986	2
1987	1
1988	1
1989	2
1990	1
1991	2
1992	1
1993	1
1994	0
1995	2
1996	1
1997	2
1998	1
1999	0
2000	1
2001	3
2002	0
2003	1
2004	4
2005	1
2006	2
2007	0
2008	0
2009	3
2010	1
2011	2
2012	4
2013	1
2014	1
2015	1
2016	1
2017	0
2018	2
2019	2
2020	2
2021	1
2022	1
2023	1
2024	2
2025	2
2026	1
2027	2
2028	3
2029	2
2030	1
2031	2
2032	0
2033	0
2034	0
2035	0
2036	0
2037	0
2038	0
2039	0
2040	0
2041	0
2042	0
2043	0
2044	0
2045	0
2046	0
2047	0
2048	0
