DeviceName	Стенд N 4
LTime	600,008467
KevPerCh	
NullEnCh	
	
Channel	Counts
1	0
2	0
3	0
4	1
5	0
6	0
7	0
8	0
9	0
10	0
11	0
12	0
13	0
14	0
15	1
16	0
17	0
18	0
19	0
20	0
21	0
22	0
23	2
24	0
25	0
26	0
27	0
28	0
29	0
30	1
31	0
32	0
33	0
34	1
35	0
36	0
37	0
38	1
39	0
40	0
41	1
42	0
43	1
44	2
45	0
46	1
47	0
48	1
49	0
50	0
51	2
52	2
53	0
54	1
55	0
56	0
57	0
58	1
59	1
60	2
61	0
62	1
63	0
64	2
65	2
66	1
67	0
68	1
69	2
70	1
71	0
72	2
73	1
74	1
75	1
76	2
77	0
78	2
79	3
80	2
81	2
82	5
83	9
84	12
85	24
86	34
87	31
88	55
89	44
90	56
91	66
92	65
93	84
94	108
95	94
96	104
97	118
98	111
99	118
100	151
101	142
102	163
103	154
104	119
105	154
106	152
107	168
108	167
109	187
110	177
111	150
112	161
113	174
114	176
115	162
116	203
117	163
118	160
119	173
120	162
121	188
122	193
123	198
124	192
125	210
126	208
127	212
128	198
129	198
130	186
131	214
132	177
133	161
134	188
135	205
136	193
137	200
138	166
139	180
140	198
141	193
142	214
143	195
144	212
145	184
146	188
147	210
148	200
149	209
150	207
151	202
152	218
153	208
154	207
155	228
156	216
157	236
158	218
159	224
160	235
161	256
162	267
163	298
164	270
165	309
166	310
167	323
168	339
169	394
170	399
171	413
172	407
173	413
174	390
175	420
176	313
177	374
178	335
179	281
180	286
181	314
182	261
183	301
184	282
185	266
186	270
187	284
188	294
189	290
190	247
191	245
192	271
193	260
194	250
195	242
196	221
197	213
198	238
199	252
200	203
201	185
202	209
203	202
204	239
205	214
206	207
207	229
208	222
209	231
210	196
211	241
212	233
213	215
214	212
215	215
216	267
217	241
218	243
219	236
220	255
221	234
222	208
223	230
224	254
225	211
226	261
227	230
228	241
229	241
230	249
231	228
232	229
233	234
234	266
235	249
236	255
237	202
238	251
239	237
240	254
241	238
242	256
243	231
244	237
245	235
246	258
247	232
248	270
249	232
250	256
251	272
252	243
253	221
254	213
255	275
256	226
257	269
258	250
259	257
260	228
261	256
262	218
263	225
264	253
265	253
266	215
267	238
268	245
269	274
270	250
271	248
272	246
273	254
274	240
275	235
276	228
277	254
278	239
279	237
280	271
281	251
282	260
283	235
284	266
285	285
286	244
287	253
288	231
289	303
290	252
291	260
292	277
293	280
294	288
295	266
296	294
297	297
298	273
299	314
300	324
301	307
302	333
303	344
304	329
305	319
306	353
307	336
308	355
309	354
310	369
311	383
312	356
313	379
314	386
315	352
316	385
317	366
318	359
319	398
320	351
321	349
322	394
323	387
324	403
325	371
326	380
327	382
328	372
329	372
330	368
331	327
332	333
333	392
334	379
335	355
336	328
337	361
338	332
339	304
340	321
341	326
342	319
343	306
344	329
345	329
346	365
347	316
348	297
349	307
350	316
351	337
352	317
353	304
354	307
355	308
356	331
357	291
358	321
359	304
360	315
361	287
362	327
363	309
364	314
365	313
366	311
367	321
368	333
369	287
370	282
371	275
372	303
373	297
374	261
375	285
376	291
377	276
378	282
379	298
380	284
381	279
382	327
383	257
384	262
385	267
386	280
387	263
388	258
389	237
390	238
391	252
392	276
393	299
394	220
395	294
396	264
397	255
398	238
399	242
400	250
401	236
402	247
403	235
404	245
405	247
406	260
407	240
408	268
409	226
410	270
411	226
412	222
413	252
414	249
415	223
416	242
417	204
418	236
419	218
420	235
421	234
422	227
423	196
424	203
425	232
426	195
427	202
428	230
429	224
430	222
431	215
432	227
433	215
434	204
435	194
436	196
437	199
438	167
439	194
440	203
441	186
442	227
443	205
444	203
445	204
446	201
447	216
448	211
449	188
450	195
451	191
452	173
453	207
454	152
455	170
456	179
457	201
458	182
459	192
460	201
461	192
462	212
463	199
464	208
465	183
466	196
467	192
468	171
469	222
470	177
471	185
472	204
473	178
474	191
475	190
476	170
477	188
478	173
479	188
480	180
481	183
482	171
483	196
484	203
485	182
486	181
487	192
488	182
489	189
490	172
491	184
492	172
493	188
494	174
495	172
496	176
497	184
498	190
499	172
500	148
501	158
502	175
503	173
504	171
505	146
506	170
507	176
508	141
509	139
510	163
511	152
512	153
513	169
514	144
515	135
516	141
517	150
518	145
519	121
520	125
521	150
522	133
523	116
524	136
525	150
526	130
527	116
528	117
529	111
530	124
531	107
532	126
533	106
534	101
535	116
536	98
537	100
538	128
539	98
540	93
541	84
542	74
543	113
544	96
545	91
546	98
547	101
548	106
549	101
550	93
551	91
552	96
553	100
554	91
555	83
556	88
557	81
558	84
559	106
560	77
561	69
562	94
563	79
564	83
565	88
566	81
567	87
568	75
569	93
570	92
571	87
572	76
573	70
574	77
575	83
576	70
577	98
578	91
579	70
580	74
581	84
582	70
583	85
584	86
585	74
586	77
587	71
588	76
589	69
590	81
591	80
592	78
593	72
594	76
595	78
596	80
597	57
598	73
599	70
600	78
601	70
602	78
603	71
604	82
605	77
606	79
607	54
608	73
609	64
610	64
611	73
612	75
613	72
614	73
615	63
616	63
617	66
618	82
619	59
620	65
621	83
622	70
623	66
624	73
625	73
626	62
627	62
628	61
629	82
630	62
631	70
632	79
633	81
634	75
635	70
636	64
637	67
638	62
639	63
640	80
641	66
642	60
643	67
644	65
645	59
646	59
647	73
648	68
649	73
650	72
651	71
652	66
653	66
654	64
655	71
656	62
657	78
658	73
659	79
660	60
661	69
662	66
663	68
664	63
665	72
666	77
667	61
668	69
669	63
670	61
671	84
672	70
673	66
674	53
675	69
676	63
677	71
678	69
679	89
680	75
681	69
682	64
683	67
684	68
685	78
686	60
687	64
688	64
689	51
690	81
691	66
692	62
693	70
694	67
695	80
696	73
697	64
698	72
699	95
700	77
701	92
702	87
703	97
704	86
705	105
706	95
707	111
708	115
709	111
710	114
711	135
712	122
713	147
714	149
715	159
716	171
717	173
718	184
719	196
720	188
721	208
722	213
723	211
724	253
725	249
726	287
727	303
728	309
729	366
730	342
731	387
732	380
733	380
734	438
735	448
736	492
737	473
738	527
739	537
740	544
741	644
742	625
743	620
744	658
745	676
746	736
747	748
748	774
749	817
750	817
751	826
752	889
753	890
754	847
755	905
756	931
757	906
758	935
759	995
760	990
761	957
762	1015
763	1002
764	992
765	948
766	989
767	978
768	973
769	1002
770	1038
771	1022
772	1031
773	980
774	934
775	966
776	921
777	889
778	896
779	858
780	867
781	851
782	811
783	798
784	731
785	698
786	678
787	632
788	609
789	613
790	569
791	544
792	494
793	510
794	500
795	452
796	418
797	401
798	389
799	292
800	288
801	299
802	297
803	277
804	244
805	226
806	207
807	203
808	197
809	170
810	139
811	155
812	121
813	128
814	124
815	107
816	95
817	74
818	82
819	80
820	70
821	78
822	66
823	69
824	72
825	60
826	60
827	40
828	47
829	54
830	43
831	47
832	42
833	48
834	54
835	42
836	41
837	40
838	28
839	55
840	36
841	36
842	42
843	38
844	29
845	37
846	40
847	33
848	45
849	37
850	39
851	46
852	33
853	29
854	41
855	44
856	36
857	46
858	43
859	42
860	42
861	41
862	38
863	48
864	42
865	39
866	46
867	31
868	42
869	45
870	42
871	40
872	34
873	40
874	46
875	39
876	44
877	38
878	49
879	32
880	43
881	42
882	53
883	53
884	36
885	45
886	50
887	42
888	42
889	44
890	34
891	49
892	32
893	44
894	24
895	42
896	45
897	42
898	39
899	31
900	51
901	37
902	39
903	43
904	40
905	44
906	41
907	46
908	44
909	29
910	39
911	44
912	38
913	39
914	47
915	38
916	50
917	35
918	41
919	35
920	41
921	35
922	39
923	35
924	32
925	34
926	32
927	46
928	32
929	31
930	33
931	42
932	33
933	35
934	40
935	35
936	48
937	34
938	41
939	35
940	35
941	48
942	42
943	39
944	39
945	42
946	43
947	39
948	32
949	43
950	37
951	49
952	27
953	38
954	39
955	42
956	39
957	28
958	25
959	50
960	36
961	42
962	34
963	26
964	33
965	39
966	22
967	45
968	37
969	35
970	30
971	38
972	42
973	45
974	41
975	33
976	33
977	37
978	38
979	37
980	33
981	40
982	31
983	40
984	45
985	33
986	32
987	26
988	42
989	40
990	41
991	35
992	44
993	29
994	42
995	32
996	31
997	44
998	31
999	33
1000	38
1001	38
1002	31
1003	44
1004	46
1005	37
1006	40
1007	39
1008	46
1009	40
1010	39
1011	42
1012	34
1013	33
1014	43
1015	40
1016	42
1017	39
1018	46
1019	49
1020	44
1021	46
1022	38
1023	53
1024	53
1025	37
1026	51
1027	37
1028	42
1029	46
1030	42
1031	49
1032	40
1033	34
1034	39
1035	47
1036	39
1037	48
1038	44
1039	47
1040	59
1041	38
1042	45
1043	51
1044	42
1045	49
1046	38
1047	46
1048	33
1049	43
1050	37
1051	44
1052	46
1053	42
1054	49
1055	51
1056	39
1057	50
1058	30
1059	38
1060	41
1061	30
1062	42
1063	41
1064	46
1065	26
1066	51
1067	37
1068	37
1069	33
1070	40
1071	38
1072	38
1073	44
1074	44
1075	39
1076	35
1077	41
1078	52
1079	40
1080	35
1081	35
1082	46
1083	37
1084	43
1085	33
1086	38
1087	30
1088	43
1089	39
1090	39
1091	33
1092	39
1093	40
1094	39
1095	38
1096	46
1097	42
1098	42
1099	43
1100	45
1101	40
1102	37
1103	37
1104	36
1105	38
1106	26
1107	32
1108	33
1109	28
1110	30
1111	37
1112	39
1113	37
1114	41
1115	42
1116	41
1117	38
1118	43
1119	28
1120	48
1121	36
1122	50
1123	25
1124	39
1125	28
1126	40
1127	41
1128	38
1129	31
1130	31
1131	30
1132	38
1133	32
1134	32
1135	31
1136	31
1137	46
1138	44
1139	40
1140	33
1141	27
1142	30
1143	26
1144	31
1145	37
1146	31
1147	38
1148	36
1149	30
1150	35
1151	26
1152	30
1153	45
1154	26
1155	23
1156	44
1157	27
1158	33
1159	26
1160	30
1161	21
1162	37
1163	31
1164	34
1165	27
1166	34
1167	23
1168	38
1169	20
1170	29
1171	29
1172	19
1173	22
1174	36
1175	39
1176	37
1177	48
1178	27
1179	30
1180	34
1181	33
1182	27
1183	32
1184	31
1185	20
1186	38
1187	42
1188	37
1189	44
1190	24
1191	38
1192	39
1193	24
1194	23
1195	35
1196	37
1197	28
1198	36
1199	39
1200	25
1201	29
1202	37
1203	29
1204	40
1205	34
1206	29
1207	35
1208	30
1209	36
1210	27
1211	27
1212	35
1213	27
1214	36
1215	32
1216	43
1217	30
1218	33
1219	32
1220	35
1221	34
1222	28
1223	33
1224	22
1225	24
1226	35
1227	27
1228	36
1229	26
1230	32
1231	16
1232	25
1233	23
1234	28
1235	29
1236	32
1237	30
1238	27
1239	35
1240	28
1241	27
1242	32
1243	33
1244	33
1245	30
1246	24
1247	31
1248	28
1249	31
1250	23
1251	36
1252	33
1253	26
1254	26
1255	42
1256	28
1257	36
1258	21
1259	29
1260	23
1261	32
1262	30
1263	20
1264	30
1265	34
1266	23
1267	29
1268	28
1269	24
1270	25
1271	38
1272	35
1273	26
1274	29
1275	29
1276	32
1277	29
1278	36
1279	35
1280	32
1281	34
1282	23
1283	33
1284	26
1285	43
1286	23
1287	32
1288	26
1289	28
1290	29
1291	28
1292	43
1293	40
1294	37
1295	42
1296	33
1297	33
1298	26
1299	32
1300	24
1301	32
1302	28
1303	24
1304	25
1305	38
1306	29
1307	29
1308	36
1309	25
1310	31
1311	37
1312	25
1313	36
1314	35
1315	20
1316	32
1317	32
1318	30
1319	34
1320	28
1321	38
1322	38
1323	36
1324	28
1325	30
1326	32
1327	31
1328	31
1329	31
1330	29
1331	29
1332	32
1333	30
1334	32
1335	29
1336	26
1337	27
1338	41
1339	41
1340	33
1341	34
1342	36
1343	38
1344	30
1345	28
1346	33
1347	29
1348	40
1349	33
1350	35
1351	39
1352	37
1353	31
1354	31
1355	33
1356	37
1357	25
1358	36
1359	23
1360	37
1361	37
1362	30
1363	30
1364	31
1365	30
1366	32
1367	40
1368	39
1369	37
1370	39
1371	26
1372	29
1373	34
1374	44
1375	32
1376	40
1377	32
1378	33
1379	32
1380	20
1381	22
1382	37
1383	41
1384	29
1385	42
1386	41
1387	30
1388	41
1389	40
1390	36
1391	30
1392	30
1393	37
1394	32
1395	30
1396	32
1397	26
1398	33
1399	34
1400	33
1401	43
1402	27
1403	33
1404	31
1405	33
1406	33
1407	27
1408	39
1409	39
1410	33
1411	28
1412	37
1413	34
1414	26
1415	26
1416	25
1417	31
1418	48
1419	39
1420	42
1421	39
1422	31
1423	42
1424	37
1425	31
1426	33
1427	42
1428	32
1429	35
1430	30
1431	35
1432	39
1433	38
1434	60
1435	37
1436	44
1437	42
1438	45
1439	42
1440	38
1441	28
1442	32
1443	32
1444	25
1445	27
1446	33
1447	46
1448	32
1449	39
1450	32
1451	30
1452	30
1453	32
1454	30
1455	35
1456	28
1457	25
1458	27
1459	34
1460	33
1461	31
1462	31
1463	39
1464	37
1465	26
1466	29
1467	29
1468	32
1469	37
1470	33
1471	26
1472	23
1473	31
1474	28
1475	30
1476	41
1477	30
1478	23
1479	23
1480	30
1481	24
1482	29
1483	28
1484	35
1485	27
1486	23
1487	25
1488	27
1489	32
1490	31
1491	34
1492	22
1493	27
1494	26
1495	31
1496	21
1497	20
1498	24
1499	18
1500	27
1501	29
1502	27
1503	21
1504	29
1505	27
1506	30
1507	26
1508	27
1509	23
1510	18
1511	12
1512	29
1513	19
1514	31
1515	29
1516	23
1517	30
1518	20
1519	22
1520	9
1521	19
1522	22
1523	26
1524	24
1525	21
1526	22
1527	22
1528	8
1529	27
1530	17
1531	18
1532	20
1533	21
1534	13
1535	17
1536	18
1537	18
1538	30
1539	17
1540	15
1541	16
1542	22
1543	16
1544	15
1545	14
1546	14
1547	25
1548	17
1549	13
1550	11
1551	13
1552	19
1553	15
1554	17
1555	13
1556	25
1557	22
1558	16
1559	21
1560	13
1561	8
1562	21
1563	16
1564	19
1565	16
1566	13
1567	13
1568	18
1569	19
1570	9
1571	20
1572	12
1573	12
1574	15
1575	17
1576	15
1577	20
1578	19
1579	20
1580	13
1581	16
1582	9
1583	18
1584	12
1585	16
1586	19
1587	13
1588	12
1589	15
1590	12
1591	11
1592	17
1593	16
1594	11
1595	11
1596	14
1597	8
1598	11
1599	14
1600	18
1601	14
1602	12
1603	15
1604	7
1605	14
1606	14
1607	14
1608	14
1609	12
1610	9
1611	13
1612	10
1613	14
1614	10
1615	12
1616	21
1617	9
1618	9
1619	11
1620	20
1621	13
1622	17
1623	11
1624	11
1625	15
1626	15
1627	14
1628	12
1629	6
1630	12
1631	12
1632	12
1633	10
1634	9
1635	13
1636	13
1637	10
1638	14
1639	11
1640	14
1641	13
1642	11
1643	9
1644	13
1645	6
1646	13
1647	7
1648	6
1649	22
1650	12
1651	9
1652	12
1653	13
1654	11
1655	12
1656	7
1657	10
1658	11
1659	12
1660	9
1661	18
1662	14
1663	13
1664	17
1665	15
1666	14
1667	9
1668	13
1669	13
1670	10
1671	16
1672	11
1673	17
1674	9
1675	7
1676	15
1677	12
1678	13
1679	9
1680	13
1681	8
1682	10
1683	16
1684	8
1685	17
1686	8
1687	15
1688	12
1689	11
1690	10
1691	12
1692	12
1693	16
1694	11
1695	10
1696	11
1697	13
1698	24
1699	11
1700	13
1701	10
1702	13
1703	12
1704	19
1705	15
1706	12
1707	10
1708	17
1709	15
1710	13
1711	12
1712	27
1713	12
1714	20
1715	17
1716	16
1717	18
1718	17
1719	14
1720	19
1721	16
1722	9
1723	19
1724	17
1725	20
1726	20
1727	23
1728	21
1729	26
1730	18
1731	27
1732	18
1733	24
1734	33
1735	22
1736	32
1737	30
1738	15
1739	24
1740	31
1741	24
1742	25
1743	28
1744	38
1745	19
1746	31
1747	31
1748	35
1749	39
1750	26
1751	34
1752	39
1753	44
1754	43
1755	48
1756	48
1757	35
1758	53
1759	55
1760	48
1761	50
1762	43
1763	61
1764	64
1765	56
1766	70
1767	66
1768	61
1769	60
1770	60
1771	60
1772	74
1773	61
1774	71
1775	67
1776	80
1777	64
1778	89
1779	95
1780	87
1781	81
1782	93
1783	68
1784	85
1785	80
1786	72
1787	80
1788	89
1789	78
1790	95
1791	96
1792	99
1793	86
1794	99
1795	92
1796	109
1797	74
1798	105
1799	98
1800	106
1801	80
1802	97
1803	106
1804	91
1805	94
1806	97
1807	118
1808	110
1809	78
1810	98
1811	88
1812	100
1813	102
1814	92
1815	103
1816	97
1817	74
1818	105
1819	92
1820	99
1821	99
1822	91
1823	118
1824	86
1825	88
1826	80
1827	89
1828	74
1829	84
1830	93
1831	86
1832	90
1833	85
1834	88
1835	74
1836	73
1837	71
1838	89
1839	91
1840	71
1841	79
1842	62
1843	66
1844	71
1845	54
1846	62
1847	60
1848	67
1849	64
1850	69
1851	59
1852	66
1853	66
1854	48
1855	52
1856	48
1857	43
1858	43
1859	47
1860	30
1861	42
1862	34
1863	37
1864	49
1865	39
1866	36
1867	38
1868	29
1869	29
1870	43
1871	34
1872	30
1873	28
1874	28
1875	23
1876	23
1877	25
1878	25
1879	31
1880	26
1881	20
1882	19
1883	19
1884	20
1885	27
1886	21
1887	30
1888	24
1889	15
1890	11
1891	15
1892	18
1893	21
1894	15
1895	12
1896	15
1897	19
1898	14
1899	13
1900	16
1901	11
1902	16
1903	15
1904	8
1905	10
1906	22
1907	8
1908	18
1909	14
1910	10
1911	18
1912	10
1913	9
1914	6
1915	8
1916	8
1917	11
1918	12
1919	15
1920	7
1921	13
1922	7
1923	9
1924	16
1925	16
1926	9
1927	10
1928	11
1929	15
1930	12
1931	11
1932	10
1933	7
1934	10
1935	9
1936	3
1937	11
1938	13
1939	12
1940	10
1941	14
1942	2
1943	9
1944	11
1945	11
1946	15
1947	9
1948	12
1949	11
1950	9
1951	11
1952	5
1953	4
1954	12
1955	7
1956	4
1957	12
1958	11
1959	8
1960	17
1961	9
1962	8
1963	7
1964	8
1965	12
1966	10
1967	10
1968	13
1969	4
1970	17
1971	10
1972	9
1973	10
1974	8
1975	9
1976	9
1977	11
1978	7
1979	12
1980	7
1981	7
1982	4
1983	7
1984	15
1985	8
1986	12
1987	14
1988	9
1989	9
1990	11
1991	9
1992	8
1993	7
1994	9
1995	10
1996	10
1997	15
1998	13
1999	8
2000	9
2001	12
2002	9
2003	6
2004	6
2005	10
2006	9
2007	10
2008	10
2009	11
2010	14
2011	8
2012	16
2013	7
2014	12
2015	8
2016	9
2017	13
2018	6
2019	10
2020	8
2021	8
2022	13
2023	14
2024	11
2025	11
2026	7
2027	9
2028	7
2029	7
2030	11
2031	8
2032	10
2033	0
2034	0
2035	0
2036	0
2037	0
2038	0
2039	0
2040	0
2041	0
2042	0
2043	0
2044	0
2045	0
2046	0
2047	0
2048	0
