DeviceName	Стенд N 4
LTime	600,002987
KevPerCh	
NullEnCh	
	
Channel	Counts
1	0
2	3
3	5
4	13
5	10
6	5
7	9
8	8
9	8
10	6
11	8
12	14
13	12
14	10
15	9
16	7
17	7
18	10
19	10
20	10
21	6
22	12
23	12
24	10
25	18
26	10
27	10
28	9
29	7
30	18
31	16
32	17
33	13
34	15
35	10
36	14
37	12
38	9
39	21
40	20
41	20
42	21
43	15
44	21
45	25
46	14
47	30
48	25
49	21
50	19
51	31
52	29
53	30
54	34
55	31
56	36
57	43
58	33
59	35
60	49
61	34
62	32
63	42
64	45
65	53
66	37
67	50
68	46
69	55
70	35
71	46
72	72
73	57
74	58
75	75
76	72
77	77
78	75
79	91
80	84
81	97
82	133
83	124
84	166
85	195
86	260
87	306
88	308
89	362
90	414
91	466
92	498
93	489
94	635
95	652
96	757
97	739
98	769
99	776
100	827
101	850
102	917
103	936
104	896
105	944
106	949
107	1020
108	977
109	1018
110	1003
111	1012
112	1032
113	1111
114	1083
115	1073
116	1102
117	1120
118	1145
119	1118
120	1195
121	1128
122	1080
123	1155
124	1131
125	1156
126	1147
127	1196
128	1253
129	1214
130	1185
131	1204
132	1228
133	1222
134	1229
135	1238
136	1286
137	1267
138	1318
139	1263
140	1312
141	1336
142	1282
143	1378
144	1353
145	1369
146	1311
147	1352
148	1304
149	1374
150	1390
151	1355
152	1338
153	1370
154	1346
155	1394
156	1401
157	1406
158	1419
159	1469
160	1510
161	1403
162	1505
163	1475
164	1498
165	1527
166	1455
167	1509
168	1541
169	1530
170	1593
171	1518
172	1566
173	1590
174	1566
175	1544
176	1564
177	1566
178	1556
179	1556
180	1549
181	1508
182	1561
183	1492
184	1490
185	1530
186	1574
187	1553
188	1467
189	1520
190	1482
191	1516
192	1587
193	1538
194	1508
195	1476
196	1547
197	1522
198	1551
199	1587
200	1547
201	1534
202	1526
203	1633
204	1544
205	1515
206	1502
207	1541
208	1566
209	1560
210	1506
211	1570
212	1526
213	1508
214	1587
215	1509
216	1582
217	1599
218	1582
219	1584
220	1619
221	1630
222	1558
223	1553
224	1615
225	1624
226	1641
227	1599
228	1661
229	1581
230	1584
231	1677
232	1629
233	1659
234	1670
235	1603
236	1703
237	1713
238	1638
239	1661
240	1692
241	1660
242	1558
243	1673
244	1647
245	1631
246	1590
247	1615
248	1664
249	1630
250	1591
251	1676
252	1612
253	1587
254	1720
255	1700
256	1613
257	1725
258	1634
259	1624
260	1569
261	1622
262	1585
263	1652
264	1668
265	1725
266	1726
267	1647
268	1682
269	1639
270	1653
271	1745
272	1669
273	1660
274	1688
275	1719
276	1689
277	1762
278	1667
279	1673
280	1692
281	1634
282	1665
283	1695
284	1779
285	1668
286	1723
287	1806
288	1802
289	1675
290	1757
291	1715
292	1723
293	1732
294	1740
295	1781
296	1752
297	1793
298	1803
299	1834
300	1912
301	1847
302	1910
303	1835
304	1915
305	1889
306	2002
307	1958
308	1945
309	1983
310	1969
311	2052
312	1961
313	2051
314	2037
315	2031
316	2173
317	2063
318	2142
319	2091
320	2108
321	2129
322	2047
323	2190
324	2077
325	2279
326	2158
327	2198
328	2154
329	2138
330	2110
331	2136
332	2177
333	2110
334	2080
335	2218
336	2239
337	2103
338	2094
339	2166
340	2018
341	2077
342	1995
343	1941
344	2090
345	1954
346	1989
347	2012
348	2009
349	1978
350	1974
351	2033
352	2038
353	1976
354	1937
355	1882
356	1992
357	1943
358	1893
359	1898
360	1897
361	1931
362	1926
363	1919
364	1913
365	1927
366	1943
367	1855
368	1822
369	1823
370	1867
371	1838
372	1878
373	1829
374	1854
375	1770
376	1794
377	1788
378	1794
379	1715
380	1799
381	1766
382	1733
383	1747
384	1739
385	1744
386	1745
387	1802
388	1764
389	1682
390	1728
391	1689
392	1720
393	1757
394	1790
395	1667
396	1720
397	1688
398	1677
399	1728
400	1700
401	1692
402	1716
403	1602
404	1627
405	1685
406	1651
407	1652
408	1659
409	1612
410	1621
411	1649
412	1627
413	1682
414	1627
415	1664
416	1613
417	1636
418	1609
419	1621
420	1665
421	1602
422	1565
423	1536
424	1590
425	1521
426	1547
427	1591
428	1647
429	1533
430	1630
431	1542
432	1662
433	1599
434	1523
435	1430
436	1556
437	1527
438	1570
439	1513
440	1494
441	1539
442	1544
443	1512
444	1481
445	1544
446	1500
447	1506
448	1627
449	1567
450	1539
451	1531
452	1528
453	1546
454	1529
455	1513
456	1545
457	1562
458	1531
459	1516
460	1540
461	1566
462	1511
463	1531
464	1501
465	1477
466	1510
467	1493
468	1553
469	1506
470	1421
471	1514
472	1501
473	1523
474	1531
475	1520
476	1420
477	1504
478	1492
479	1419
480	1450
481	1438
482	1533
483	1498
484	1482
485	1524
486	1443
487	1455
488	1510
489	1415
490	1437
491	1542
492	1456
493	1460
494	1500
495	1503
496	1474
497	1485
498	1499
499	1486
500	1430
501	1501
502	1498
503	1438
504	1439
505	1355
506	1464
507	1416
508	1358
509	1443
510	1473
511	1475
512	1379
513	1460
514	1474
515	1438
516	1427
517	1429
518	1434
519	1473
520	1451
521	1472
522	1484
523	1450
524	1514
525	1505
526	1552
527	1487
528	1433
529	1432
530	1436
531	1462
532	1395
533	1429
534	1481
535	1458
536	1426
537	1464
538	1488
539	1365
540	1472
541	1472
542	1434
543	1476
544	1493
545	1399
546	1393
547	1421
548	1464
549	1443
550	1457
551	1386
552	1424
553	1504
554	1444
555	1507
556	1415
557	1418
558	1444
559	1424
560	1422
561	1382
562	1447
563	1400
564	1353
565	1393
566	1429
567	1475
568	1422
569	1406
570	1509
571	1448
572	1476
573	1411
574	1386
575	1359
576	1448
577	1435
578	1435
579	1427
580	1405
581	1461
582	1476
583	1426
584	1471
585	1400
586	1485
587	1474
588	1425
589	1463
590	1430
591	1425
592	1465
593	1430
594	1394
595	1465
596	1410
597	1441
598	1419
599	1433
600	1512
601	1417
602	1415
603	1439
604	1434
605	1443
606	1429
607	1456
608	1434
609	1391
610	1466
611	1424
612	1408
613	1445
614	1381
615	1459
616	1469
617	1517
618	1436
619	1416
620	1481
621	1564
622	1409
623	1397
624	1475
625	1449
626	1472
627	1463
628	1397
629	1483
630	1429
631	1440
632	1467
633	1445
634	1449
635	1386
636	1417
637	1452
638	1438
639	1467
640	1446
641	1400
642	1427
643	1406
644	1402
645	1391
646	1429
647	1434
648	1404
649	1376
650	1333
651	1417
652	1410
653	1406
654	1396
655	1375
656	1389
657	1363
658	1385
659	1394
660	1423
661	1378
662	1396
663	1290
664	1305
665	1367
666	1293
667	1301
668	1282
669	1269
670	1243
671	1241
672	1250
673	1248
674	1192
675	1174
676	1166
677	1165
678	1161
679	1205
680	1142
681	1182
682	1141
683	1102
684	1092
685	1081
686	1071
687	1115
688	1018
689	1027
690	999
691	952
692	919
693	994
694	920
695	947
696	918
697	921
698	823
699	894
700	838
701	841
702	824
703	856
704	792
705	862
706	807
707	873
708	791
709	840
710	815
711	796
712	812
713	761
714	823
715	822
716	707
717	810
718	740
719	765
720	799
721	771
722	736
723	719
724	654
725	691
726	720
727	716
728	702
729	742
730	733
731	667
732	694
733	742
734	714
735	644
736	684
737	664
738	648
739	685
740	716
741	717
742	699
743	684
744	723
745	680
746	635
747	679
748	711
749	670
750	677
751	694
752	677
753	640
754	693
755	677
756	737
757	671
758	639
759	702
760	648
761	638
762	655
763	669
764	625
765	675
766	720
767	618
768	751
769	675
770	628
771	664
772	652
773	676
774	716
775	702
776	671
777	651
778	632
779	678
780	696
781	720
782	651
783	691
784	701
785	750
786	659
787	622
788	680
789	706
790	641
791	717
792	687
793	737
794	708
795	716
796	691
797	693
798	700
799	724
800	711
801	645
802	668
803	781
804	667
805	644
806	693
807	670
808	711
809	699
810	678
811	689
812	719
813	720
814	749
815	726
816	726
817	702
818	717
819	762
820	708
821	624
822	705
823	698
824	665
825	701
826	693
827	713
828	727
829	692
830	738
831	696
832	696
833	801
834	755
835	725
836	706
837	699
838	717
839	709
840	725
841	757
842	715
843	710
844	748
845	694
846	786
847	746
848	694
849	731
850	696
851	725
852	681
853	701
854	732
855	789
856	714
857	742
858	760
859	766
860	749
861	704
862	783
863	769
864	839
865	767
866	787
867	748
868	803
869	812
870	814
871	766
872	818
873	817
874	863
875	819
876	897
877	901
878	890
879	885
880	922
881	907
882	923
883	974
884	917
885	1002
886	1008
887	1051
888	1040
889	1108
890	1156
891	1155
892	1191
893	1234
894	1301
895	1382
896	1408
897	1408
898	1390
899	1491
900	1640
901	1614
902	1816
903	1821
904	1810
905	1924
906	1986
907	2045
908	2151
909	2300
910	2313
911	2423
912	2556
913	2651
914	2704
915	2808
916	2909
917	3123
918	3191
919	3377
920	3457
921	3547
922	3784
923	3796
924	3868
925	4176
926	4189
927	4481
928	4539
929	4697
930	4799
931	4747
932	5039
933	5092
934	5491
935	5450
936	5501
937	5774
938	5918
939	6019
940	6132
941	6265
942	6415
943	6619
944	6598
945	6760
946	6743
947	6899
948	6859
949	7060
950	7102
951	6967
952	7114
953	7239
954	7110
955	7167
956	7316
957	7263
958	7290
959	7179
960	7291
961	7144
962	7035
963	7131
964	7004
965	6947
966	6969
967	6711
968	6696
969	6654
970	6482
971	6361
972	6211
973	6107
974	5867
975	5823
976	5774
977	5493
978	5212
979	5014
980	4804
981	4809
982	4614
983	4271
984	4245
985	4080
986	3817
987	3857
988	3554
989	3291
990	3307
991	3122
992	2877
993	2771
994	2630
995	2398
996	2243
997	2160
998	1947
999	1914
1000	1740
1001	1746
1002	1657
1003	1475
1004	1346
1005	1242
1006	1130
1007	1056
1008	999
1009	971
1010	857
1011	754
1012	753
1013	615
1014	581
1015	546
1016	528
1017	459
1018	421
1019	389
1020	363
1021	329
1022	264
1023	260
1024	248
1025	202
1026	209
1027	177
1028	161
1029	136
1030	136
1031	106
1032	90
1033	100
1034	79
1035	74
1036	62
1037	61
1038	44
1039	49
1040	43
1041	45
1042	48
1043	34
1044	42
1045	31
1046	26
1047	29
1048	29
1049	26
1050	34
1051	36
1052	31
1053	18
1054	18
1055	25
1056	17
1057	21
1058	16
1059	20
1060	21
1061	23
1062	16
1063	27
1064	19
1065	17
1066	23
1067	19
1068	14
1069	18
1070	21
1071	18
1072	19
1073	13
1074	23
1075	16
1076	18
1077	15
1078	14
1079	17
1080	18
1081	19
1082	13
1083	23
1084	23
1085	19
1086	20
1087	21
1088	11
1089	19
1090	22
1091	22
1092	8
1093	17
1094	20
1095	25
1096	22
1097	16
1098	25
1099	22
1100	18
1101	16
1102	15
1103	14
1104	13
1105	29
1106	18
1107	14
1108	17
1109	18
1110	26
1111	19
1112	16
1113	24
1114	19
1115	22
1116	16
1117	16
1118	21
1119	17
1120	13
1121	21
1122	12
1123	22
1124	18
1125	19
1126	26
1127	21
1128	21
1129	20
1130	16
1131	18
1132	23
1133	14
1134	13
1135	16
1136	15
1137	8
1138	17
1139	11
1140	19
1141	14
1142	14
1143	14
1144	24
1145	12
1146	20
1147	30
1148	15
1149	9
1150	16
1151	14
1152	14
1153	21
1154	7
1155	13
1156	18
1157	20
1158	12
1159	6
1160	22
1161	21
1162	23
1163	12
1164	16
1165	19
1166	14
1167	19
1168	15
1169	10
1170	15
1171	15
1172	23
1173	14
1174	16
1175	13
1176	15
1177	18
1178	15
1179	11
1180	15
1181	24
1182	16
1183	14
1184	14
1185	13
1186	19
1187	20
1188	7
1189	25
1190	10
1191	20
1192	21
1193	8
1194	14
1195	18
1196	22
1197	9
1198	14
1199	17
1200	13
1201	13
1202	12
1203	16
1204	11
1205	10
1206	15
1207	19
1208	14
1209	17
1210	24
1211	13
1212	18
1213	12
1214	11
1215	9
1216	13
1217	9
1218	15
1219	14
1220	22
1221	12
1222	9
1223	13
1224	13
1225	11
1226	12
1227	12
1228	17
1229	14
1230	8
1231	15
1232	18
1233	12
1234	5
1235	17
1236	11
1237	16
1238	8
1239	20
1240	19
1241	16
1242	8
1243	13
1244	20
1245	14
1246	18
1247	6
1248	8
1249	15
1250	9
1251	10
1252	8
1253	15
1254	11
1255	12
1256	15
1257	16
1258	7
1259	23
1260	15
1261	9
1262	4
1263	8
1264	18
1265	18
1266	15
1267	16
1268	9
1269	12
1270	11
1271	10
1272	10
1273	16
1274	9
1275	10
1276	13
1277	18
1278	9
1279	14
1280	7
1281	14
1282	18
1283	18
1284	18
1285	15
1286	15
1287	10
1288	12
1289	17
1290	17
1291	17
1292	7
1293	11
1294	13
1295	17
1296	11
1297	11
1298	11
1299	17
1300	12
1301	11
1302	17
1303	8
1304	13
1305	12
1306	10
1307	14
1308	11
1309	11
1310	17
1311	11
1312	7
1313	12
1314	13
1315	9
1316	16
1317	11
1318	4
1319	11
1320	9
1321	15
1322	15
1323	15
1324	6
1325	13
1326	9
1327	12
1328	14
1329	8
1330	13
1331	8
1332	9
1333	14
1334	6
1335	10
1336	8
1337	11
1338	12
1339	12
1340	7
1341	14
1342	11
1343	7
1344	17
1345	13
1346	13
1347	11
1348	4
1349	12
1350	7
1351	12
1352	10
1353	10
1354	14
1355	15
1356	12
1357	8
1358	14
1359	19
1360	5
1361	9
1362	14
1363	13
1364	14
1365	10
1366	6
1367	13
1368	12
1369	11
1370	9
1371	9
1372	13
1373	11
1374	12
1375	12
1376	7
1377	11
1378	6
1379	13
1380	11
1381	13
1382	9
1383	4
1384	9
1385	11
1386	5
1387	7
1388	13
1389	14
1390	15
1391	7
1392	14
1393	12
1394	8
1395	7
1396	10
1397	10
1398	12
1399	10
1400	15
1401	8
1402	11
1403	6
1404	9
1405	5
1406	6
1407	16
1408	12
1409	12
1410	10
1411	7
1412	10
1413	11
1414	9
1415	9
1416	12
1417	11
1418	15
1419	9
1420	12
1421	10
1422	8
1423	8
1424	7
1425	13
1426	11
1427	10
1428	13
1429	10
1430	3
1431	11
1432	10
1433	2
1434	14
1435	10
1436	8
1437	14
1438	10
1439	8
1440	8
1441	13
1442	7
1443	9
1444	13
1445	9
1446	6
1447	17
1448	8
1449	10
1450	8
1451	12
1452	11
1453	7
1454	9
1455	8
1456	5
1457	2
1458	7
1459	6
1460	4
1461	9
1462	6
1463	7
1464	7
1465	11
1466	5
1467	6
1468	9
1469	8
1470	10
1471	14
1472	12
1473	6
1474	11
1475	10
1476	11
1477	9
1478	6
1479	6
1480	7
1481	11
1482	6
1483	6
1484	5
1485	9
1486	6
1487	11
1488	7
1489	8
1490	4
1491	6
1492	8
1493	4
1494	7
1495	3
1496	6
1497	6
1498	10
1499	12
1500	6
1501	5
1502	3
1503	7
1504	8
1505	5
1506	8
1507	7
1508	9
1509	11
1510	8
1511	14
1512	5
1513	11
1514	10
1515	2
1516	3
1517	9
1518	8
1519	7
1520	10
1521	5
1522	7
1523	9
1524	11
1525	2
1526	13
1527	7
1528	6
1529	11
1530	7
1531	6
1532	8
1533	5
1534	7
1535	6
1536	9
1537	7
1538	6
1539	6
1540	10
1541	10
1542	7
1543	7
1544	3
1545	7
1546	6
1547	11
1548	9
1549	5
1550	13
1551	5
1552	8
1553	8
1554	10
1555	12
1556	9
1557	8
1558	4
1559	8
1560	10
1561	5
1562	8
1563	15
1564	6
1565	5
1566	5
1567	9
1568	7
1569	8
1570	9
1571	3
1572	4
1573	12
1574	6
1575	9
1576	9
1577	6
1578	11
1579	12
1580	4
1581	11
1582	6
1583	14
1584	5
1585	9
1586	7
1587	2
1588	8
1589	7
1590	3
1591	7
1592	9
1593	9
1594	3
1595	5
1596	5
1597	8
1598	6
1599	3
1600	9
1601	4
1602	7
1603	5
1604	9
1605	13
1606	8
1607	4
1608	7
1609	4
1610	2
1611	11
1612	4
1613	9
1614	11
1615	8
1616	1
1617	6
1618	5
1619	3
1620	5
1621	6
1622	4
1623	5
1624	5
1625	5
1626	6
1627	8
1628	5
1629	7
1630	6
1631	7
1632	6
1633	4
1634	7
1635	3
1636	4
1637	8
1638	4
1639	9
1640	10
1641	6
1642	6
1643	4
1644	5
1645	3
1646	7
1647	6
1648	7
1649	6
1650	4
1651	5
1652	3
1653	3
1654	5
1655	3
1656	4
1657	7
1658	5
1659	5
1660	4
1661	8
1662	5
1663	8
1664	8
1665	6
1666	6
1667	3
1668	6
1669	2
1670	2
1671	8
1672	5
1673	3
1674	4
1675	9
1676	6
1677	2
1678	5
1679	4
1680	6
1681	3
1682	4
1683	4
1684	10
1685	6
1686	3
1687	7
1688	4
1689	6
1690	10
1691	1
1692	4
1693	3
1694	2
1695	3
1696	4
1697	7
1698	4
1699	3
1700	3
1701	5
1702	7
1703	8
1704	3
1705	3
1706	6
1707	5
1708	8
1709	2
1710	4
1711	5
1712	4
1713	6
1714	5
1715	9
1716	3
1717	4
1718	4
1719	6
1720	5
1721	6
1722	5
1723	3
1724	4
1725	5
1726	3
1727	5
1728	4
1729	8
1730	6
1731	4
1732	6
1733	5
1734	2
1735	3
1736	4
1737	7
1738	5
1739	4
1740	2
1741	0
1742	2
1743	6
1744	4
1745	4
1746	7
1747	3
1748	6
1749	2
1750	1
1751	7
1752	9
1753	3
1754	3
1755	5
1756	3
1757	4
1758	3
1759	5
1760	5
1761	5
1762	2
1763	6
1764	8
1765	1
1766	7
1767	1
1768	1
1769	6
1770	2
1771	3
1772	3
1773	7
1774	3
1775	5
1776	0
1777	4
1778	2
1779	7
1780	2
1781	5
1782	7
1783	3
1784	5
1785	3
1786	2
1787	2
1788	3
1789	4
1790	4
1791	3
1792	5
1793	2
1794	6
1795	4
1796	4
1797	7
1798	4
1799	2
1800	6
1801	5
1802	4
1803	7
1804	5
1805	2
1806	2
1807	1
1808	12
1809	6
1810	4
1811	0
1812	4
1813	4
1814	5
1815	4
1816	2
1817	4
1818	3
1819	3
1820	3
1821	0
1822	9
1823	4
1824	3
1825	1
1826	5
1827	4
1828	4
1829	4
1830	4
1831	4
1832	6
1833	1
1834	6
1835	4
1836	2
1837	3
1838	6
1839	3
1840	0
1841	2
1842	4
1843	7
1844	4
1845	2
1846	8
1847	3
1848	3
1849	1
1850	7
1851	3
1852	2
1853	3
1854	1
1855	5
1856	3
1857	7
1858	9
1859	3
1860	3
1861	4
1862	8
1863	3
1864	2
1865	1
1866	5
1867	4
1868	5
1869	3
1870	1
1871	5
1872	3
1873	4
1874	9
1875	3
1876	3
1877	3
1878	1
1879	4
1880	3
1881	3
1882	2
1883	3
1884	4
1885	5
1886	7
1887	7
1888	5
1889	1
1890	0
1891	5
1892	4
1893	3
1894	4
1895	4
1896	3
1897	2
1898	2
1899	3
1900	1
1901	3
1902	2
1903	4
1904	5
1905	2
1906	7
1907	2
1908	3
1909	3
1910	2
1911	3
1912	7
1913	4
1914	2
1915	3
1916	0
1917	2
1918	3
1919	2
1920	0
1921	1
1922	1
1923	3
1924	1
1925	2
1926	2
1927	2
1928	0
1929	3
1930	2
1931	2
1932	1
1933	1
1934	3
1935	1
1936	2
1937	0
1938	3
1939	2
1940	2
1941	4
1942	3
1943	1
1944	2
1945	2
1946	1
1947	4
1948	2
1949	3
1950	0
1951	1
1952	2
1953	3
1954	4
1955	1
1956	4
1957	1
1958	2
1959	1
1960	2
1961	2
1962	1
1963	1
1964	2
1965	2
1966	3
1967	1
1968	1
1969	2
1970	2
1971	2
1972	1
1973	3
1974	2
1975	2
1976	2
1977	2
1978	3
1979	3
1980	1
1981	1
1982	1
1983	0
1984	6
1985	4
1986	1
1987	3
1988	4
1989	2
1990	1
1991	2
1992	4
1993	2
1994	3
1995	2
1996	1
1997	4
1998	4
1999	2
2000	1
2001	1
2002	3
2003	1
2004	5
2005	0
2006	3
2007	3
2008	0
2009	2
2010	3
2011	3
2012	4
2013	5
2014	2
2015	2
2016	6
2017	3
2018	4
2019	4
2020	1
2021	4
2022	2
2023	2
2024	3
2025	3
2026	4
2027	2
2028	8
2029	2
2030	5
2031	5
2032	5
2033	0
2034	0
2035	0
2036	0
2037	0
2038	0
2039	0
2040	0
2041	0
2042	0
2043	0
2044	0
2045	0
2046	0
2047	0
2048	0
