#	0	1	2	3	4	5	6	7
err_rel	-1	-1	5	6	7	-1	-1	-1
err	0.5	0.5	-1	-1	-1	-1	-1	-1
name	$V,\,\text{дел}$	$T,\,^\circ\text{C}$	$p/p_\text{а}$	$ln(p/p_\text{а})$	$1000\text{К}/T$	D 2	D 3	D 4
#	9	19	0.003409478349813	-5.68119597598339	3.42114266164899	0.114135946261858	33.4760730386023	0.005852108555677
#	10	45	0.023286737129219	-3.75987130240071	3.14169022934339	0.106296817700087	4.5646935038705	0.004935108748576
#	11	54	0.086972693177944	-2.44216108111342	3.05530094714329	0.095176240502426	1.09432325279036	0.004667431938807
#	12	60	0.147715649505626	-1.91246614038174	3.000300030003	0.085592455421913	0.579440673404436	0.004500900135018
#	13	67	0.196753127540717	-1.62580549579716	2.9385836027035	0.078068467181709	0.396783868991121	0.004317636795039
data	14	71	0.245360674102577	-1.40502601177783	2.90444379901249	0.071258178467717	0.290422166177806	0.004217896890811
data	15	74	0.289532901466076	-1.23948633914835	2.87935502447452	0.06538663558109	0.225834905981319	0.004145342678483
data	16	76	0.330101431980907	-1.10835530211087	2.86286859433152	0.060251835480769	0.182525216928638	0.004098008294205
data	17	79	0.364092176249975	-1.01034821194709	2.83848992336077	0.056017949671049	0.153856504822527	0.00402851252251
data	18	81	0.396010910330719	-0.926313516766987	2.82246683601468	0.052214437588935	0.131851007704129	0.003983159520201
data	19	81	0.427799809786997	-0.849099926964606	2.82246683601468	0.048629759309089	0.113674102223893	0.003983159520201
data	20	82	0.454875554040232	-0.787731405045099	2.81452293836195	0.045609230218138	0.100267490334519	0.003960769685283
data	21	85	0.47645024596951	-0.741391976933462	2.79095729835333	0.043174686059437	0.090617407430618	0.003894721320616
data	23	87	0.519308024133177	-0.655258076425366	2.77546489036914	0.038641461626075	0.074409521575513	0.003851602678836
data	24	88	0.538058302079782	-0.619788356513726	2.76778300581234	0.036713980335129	0.068234204719483	0.003830311383632
data	25	89	0.555308557790658	-0.588231359741029	2.76014352746343	0.034970697992174	0.062975254930895	0.003809196146099
data	26	90	0.571231870754544	-0.559960073374402	2.75254610514726	0.033387032420735	0.058447425870397	0.003788255030481
data	27	91	0.585975679054438	-0.534476993586483	2.74499039253363	0.031942518089105	0.054511678949968	0.003767486127551
data	28	92	0.599666358190054	-0.511381848113319	2.73747604708459	0.030619989230526	0.051061709252699	0.003746887554181
