22.5 0.1555 435.4
32.5 0.2207 432.5
42.5 0.2817 427.9
50 0.3246 424.0
60 0.3776 418.2
70 0.4255 412.0
80 0.4686 405.8
90 0.5069 399.5
100 0.5409 393.4
110 0.5708 387.4
130 0.6202 376.0
153 0.6634 364.9
176 0.6957 355.8
200 0.7208 347.8
225 0.7402 341.0
300 0.7725 326.4
400 0.7870 314.3
500 0.7871 305.7
600 0.7801 298.3
700 0.7720 292.5
800 0.7581 285.5
900 0.7439 278.5
950 0.735 275.0
1000 0.7271 271.5
1120 0.706 263.0
1405 0.6537 243.1
1760 0.5901 219.6
2210 0.5175 193.2
2775 0.4415 166.0
3480 0.3676 139.7
4365 0.2991 115.6
5477 0.2380 94.32
6870 0.1857 76.2
8620 0.1417 60.85
10813 0.1060 47.96
13565 0.0780 37.05
17020 0.057 27.63
21350 0.0427 19.25
26780 0.0334 11.4
33600 0.0280 4.02


22.5
32.5
42.5
50
60
70
80
90
100
110
130
153
176
200
225
300
400
500
600
700
800
900
950
1000
1120
1405
1760
2210
2775
3480
4365
5477
6870
8620
10813
13565
17020
21350
26780
33600
