01.01.2007   N1106
Образец: "20c"
LiF200
Трубка: "40,0/0,100"
        Отр1            Отр2
   [мА]  [Имп/с]   [мА]  [Имп/с]
    834    1580     425     168
    839    1412     427     101
    844    1412     430     101
    849    1479     432    67,2
    854    1513     435    67,2
    859    1580     437    67,2
    864    1614     440    67,2
    869    1614     442    67,2
    874    1580     445    67,2
    879    1580     447    67,2
    884    1580     450    67,2
    889    1580     452    67,2
    894    1580     455    67,2
    899    1647     457    67,2
    904    1681     460    67,2
    909    1647     462    67,2
    914    1681     465    67,2
    919    1614     467    67,2
    924    1614     469     101
    929    1715     472     101
    934    1916     474     134
    939    2084     477     134
    944    2152     479     134
    949    2118     482     134
    954    2017     484     168
    959    1950     487     168
    964    1916     489     168
    969    1883     492     168
    974    1849     494     202
    979    1748     497     202
    984    1782     499     168
    989    1916     502     168
    994    1983     504     134
    999    2084     507     134
   1004    2017     509     134
   1009    1983     511     101
   1014    1950     514     101
   1019    1950     516     101
   1024    1883     519     101
   1029    1950     521     101
   1034    2084     524    67,2
   1039    1950     526    33,6
   1044    1513     529    33,6
   1049     975     531    33,6
   1054     572     534    33,6
   1059     639     536    33,6
   1064     773     538    33,6
   1069     975     541    67,2
   1074    1042     543    67,2
   1079    1009     546    67,2
   1084     975     548    33,6
   1089     840     551    33,6
   1094    1177     553    33,6
   1099    1580     556    67,2
   1104    2017     558     101
   1109    2252     561     134
   1114    2118     563     168
   1119    1983     566     134
   1124    1815     568     134
   1129    1815     571     101
   1134    1782     573     101
   1139    1580     576     101
   1144    1748     578     101
   1149    1782     581     101
   1154    1782     583     101
   1159    1815     586     101
   1164    1681     588    67,2
   1169    1614     591    67,2
   1174    1412     593    67,2
   1179    1244     596     101
   1184    1311     598     101
   1189    1513     601     101
   1194    1580     603     101
   1199    1479     606    67,2
   1204    1311     608    67,2
   1209     941     610    67,2
   1214     874     613    67,2
   1219     941     615    67,2
   1224    1109     618    67,2
   1229    1513     620    67,2
   1234    1647     623    67,2
   1239    1378     625    67,2
   1244     908     628    33,6
   1249     672     630    33,6
   1254     605     633    33,6
   1259     538     635     0,0
   1264     840     638     0,0
   1269    1311     640    33,6
   1274    2185     643    33,6
   1279    2656     645    33,6
   1284    2757     648    67,2
   1289    2421     650    67,2
   1294    2353     652    33,6
   1299    2589     655    67,2
   1304    2421     657    33,6
   1309    2118     660    33,6
   1314    1647     662    33,6
   1319    1580     665    33,6
   1324    1244     667    33,6
   1329    1076     670    33,6
   1334    1042     672    33,6
   1339    1278     675    67,2
   1344    1446     677    33,6
   1349    1479     680    33,6
   1354    1681     682    33,6
   1359    2824     685     0,0
   1364    4875     687     0,0
   1369   15128     690    67,2
   1374   38863     692     504
   1379   74162     695    1143
   1384  107310     697    1815
   1389  120321     700    2286
   1394  110437     702    1983
   1399   79676     704    1345
   1404   43939     707     605
   1409   18591     709     101
   1414   12775     712     0,0
   1419   22659     714     134
   1424   38258     717     303
   1429   49117     719     437
   1434   51773     722     437
   1439   44612     724     336
   1444   29954     727     202
   1449   14590     729     101
   1454    5446     732    67,2
   1459    2858     734    67,2
   1464    2353     737    67,2
   1469    2488     739    33,6
   1474    2353     742    33,6
   1479    2286     744    33,6
   1484    2353     747    33,6
   1489    2454     749    33,6
   1494    2723     752    33,6
   1499    2723     754    67,2
   1504    2992     757    67,2
   1509    4841     759     0,0
   1514    7194     761     0,0
   1519   40241     764     773
   1524  148594     766    7026
   1529  304046     769   14086
   1534  409205     771   21012
   1539  437680     774   22289
   1544  395354     776   17717
   1549  278630     779   10993
   1554  144089     781    4135
   1559   37552     784     336
   1564   10422     786     0,0
   1569    4841     789     0,0
   1574    3631     791    33,6
   1579    2891     794    33,6
   1584    2421     796    33,6
   1589    2488     799    67,2
   1594    2185     801    33,6
   1599    1715     804    33,6
   1604    1815     806    33,6
   1609    1815     809    67,2
   1614    1378     811    67,2
   1619    1378     813    33,6
   1624    1244     816    33,6
   1629    1076     818    33,6
   1634    1278     821    67,2
   1639    1210     823    67,2
   1644    1311     826    33,6
   1649    1849     828    33,6
   1654    1950     831    33,6
   1659    1782     833    67,2
   1664    1614     836    33,6
   1669    1244     838    33,6
   1674     908     841    33,6
   1679     941     843    33,6
   1684     773     846     0,0
   1689     807     848     0,0
   1694     773     851     0,0
   1699     840     853    33,6
   1704    1009     856    33,6
   1709     975     858    33,6
   1714     908     861     0,0
   1719     706     863     0,0
   1724     807     866     0,0
   1729     874     868    33,6
   1734     807     870     0,0
   1739     840     873     0,0
   1744     807     875    33,6
   1749     908     878    33,6
   1754     908     880    33,6
   1759     874     883     0,0
   1764     773     885     0,0
   1769     740     888     0,0
   1774     706     890     0,0
   1779     807     893     0,0
   1784     773     895     0,0
   1789     639     898    33,6
   1794     740     900    33,6
   1799     572     903    33,6
   1804     672     905     0,0
   1809     572     908    33,6
   1814     572     910    33,6
   1819     471     913    33,6
   1824     740     915    33,6
   1829     840     918     0,0
   1834     740     920    33,6
   1839     740     923    33,6
   1844     639     925    33,6
   1849     504     928     0,0
   1854     740     930     0,0
   1859     740     933     0,0
   1864     538     935     0,0
   1869     672     937     0,0
   1874     773     940     0,0
   1879     538     942    33,6
   1884     605     945    33,6
   1889     706     947    33,6
   1894     639     950    33,6
   1899     639     952     0,0
   1904     672     955    33,6
   1909     706     957    67,2
   1914     403     960    33,6
   1919     605     962     0,0
   1924     538     965     0,0
   1929     840     967     0,0
   1934     840     970     0,0
   1939     773     972     0,0
   1944     605     975     0,0
   1949     437     977     0,0
   1954     538     980    33,6
   1959     572     982    33,6
   1964     538     985    33,6
   1969     437     987    33,6
   1974     437     990    33,6
   1979     504     992     0,0
   1984     471     995    33,6
   1989     504     997    33,6
   1994     437    1000     0,0
   1999     504    1002    33,6
   2004     437    1005     0,0
   2009     437    1007     0,0
   2014     538    1010     0,0
   2019     773    1012     0,0
   2024     672    1015     0,0
   2029     504    1017     0,0
   2034     403    1020     0,0
   2039     572    1022    33,6
   2044     807    1025    33,6
   2049     403    1027     0,0
   2054     504    1030     0,0
   2059     504    1032    33,6
   2064     504    1034    33,6
   2069     403    1037     0,0
   2074     303    1039     0,0
   2079     403    1042     0,0
   2084     336    1044     0,0
   2089     504    1047     0,0
   2094     471    1049     0,0
   2099     471    1052     0,0
   2104     403    1054    33,6
   2109     538    1057    33,6
   2114     538    1059     0,0
   2119     437    1062     0,0
   2124     403    1064     0,0
   2129     471    1067     0,0
   2134     403    1069    33,6
   2139     303    1072    33,6
   2144     336    1074     0,0
   2149     437    1077    33,6
   2154     538    1079    33,6
   2159     437    1082    33,6
   2164     235    1084    33,6
   2169     504    1087    33,6
   2174     370    1089    33,6
   2179     303    1092    33,6
   2184     370    1094     0,0
   2189     403    1097     0,0
   2194     471    1099     0,0
   2199     336    1102     0,0
   2204     403    1104    33,6
   2209     504    1107    33,6
   2214     235    1109    33,6
   2219     370    1112    33,6
   2224     336    1114     0,0
   2229     336    1117     0,0
   2234     303    1119     0,0
   2239     336    1122    33,6
   2244     303    1124    33,6
   2249     437    1127    33,6
   2254     370    1129    33,6
   2259     303    1131    33,6
   2264     235    1134     0,0
   2269     303    1136    33,6
   2274     437    1139    33,6
   2279     370    1141    67,2
   2284     504    1144    33,6
   2289     403    1146    33,6
   2294     269    1149     0,0
   2299     336    1151     0,0
   2304     403    1154     0,0
   2309     336    1156    33,6
   2314     303    1159     0,0
   2319     303    1161    33,6
   2324     303    1164    67,2
   2329     235    1166    33,6
   2334     269    1169    67,2
   2339     336    1171    33,6
   2344     336    1174    33,6
   2349     235    1176    33,6
   2354     303    1179    33,6
   2359     202    1181     0,0
   2364     269    1184    67,2
   2369     403    1186    33,6
   2374     235    1189    33,6
   2379     269    1191    33,6
   2384     134    1194     0,0
   2389     403    1196     0,0
   2394     202    1199    33,6
   2399     303    1201    67,2
   2404     235    1204     0,0
   2409     269    1206    67,2
   2414     269    1209     0,0
   2419     303    1211    67,2
   2424     134    1214    33,6
   2429     303    1216    33,6
   2434     235    1218    67,2
   2439     303    1221    33,6
   2444     235    1223    33,6
   2449     370    1226    33,6
   2454     235    1229    33,6
   2459     134    1231    33,6
   2464     134    1234     0,0
   2469     168    1236     0,0
   2474     235    1238     0,0
   2479     168    1241    33,6
   2484     303    1243    67,2
   2489     269    1246    67,2
   2494     269    1248    67,2
   2499     202    1251    33,6
   2504     235    1253     101
   2509     202    1256    33,6
   2514     202    1258    67,2
   2519     437    1261     101
   2524    67,2    1263     0,0
   2529     134    1266    33,6
   2534     471    1268     0,0
   2539     235    1271    33,6
   2544     168    1273    67,2
   2549     134    1276     0,0
   2554     101    1278    67,2
   2559     269    1281    33,6
   2564     370    1283    33,6
   2569    33,6    1286     0,0
   2574     168    1288    33,6
   2579     134    1291    33,6
   2584     269    1293     370
   2589     336    1296     134
   2594     168    1298    67,2
   2599    67,2    1301    67,2
   2604     168    1303    67,2
   2609     168    1306     0,0
   2614     134    1308     0,0
   2619     168    1311     101
   2624     202    1313     101
   2629     235    1316     101
   2634     134    1318     0,0
   2639     134    1321     0,0
   2644    33,6    1323    67,2
   2649     168    1326     0,0
   2654     202    1328    33,6
   2659    33,6    1331    33,6
   2664    67,2    1333     0,0
   2669     168    1336    67,2
   2674     134    1338    67,2
   2679     168    1340    33,6
   2684     101    1343    33,6
   2689     0,0    1345     101
   2694     101    1348    33,6
   2699     202    1351    33,6
   2704     168    1353    67,2
   2709     101    1356     0,0
   2714     336    1358     101
   2719    33,6    1360    33,6
   2724     269    1363     0,0
   2729     168    1365     101
   2734     134    1368    33,6
   2739     101    1370    33,6
   2744     168    1373    67,2
   2749     101    1375    67,2
   2754     101    1378    33,6
   2759    33,6    1380    33,6
   2764     168    1383     202
   2769    33,6    1385     303
   2774     403    1388    2454
   2779     370    1390    5480
   2784     370    1393    3765
   2789     202    1395    1143
   2794     235    1398     538
   2799     101    1400     134
   2804     101    1403     168
   2809     134    1405     235
   2814     202    1408     101
   2819     202    1410     168
   2824     168    1413     101
   2829     202    1415    67,2
   2834    67,2    1418     134
   2839     101    1420    67,2
   2844     202    1422    67,2
   2849    67,2    1425     134
   2854     101    1427     101
   2859     202    1430     538
   2864     202    1432    1412
   2869     235    1435    1177
   2874     269    1437    1278
   2879     202    1440     437
   2884     101    1442     134
   2889    67,2    1445    67,2
   2894    67,2    1447     101
   2899     134    1450    67,2
   2904     134    1452    33,6
   2909    67,2    1455    33,6
   2914     168    1457     101
   2919    67,2    1460    67,2
   2924     101    1462     134
   2929     168    1465    67,2
   2934    67,2    1467    67,2
   2939     101    1470    67,2
   2944     134    1472     134
   2949    67,2    1475     101
   2954    33,6    1477    33,6
   2959     101    1480     134
   2964     134    1482     134
   2969    33,6    1485    67,2
   2974     168    1487     134
   2979    67,2    1490     101
   2984    33,6    1492    67,2
   2989    33,6    1495    67,2
   2994     134    1498     101
   2999     202    1500     134
   3004     0,0    1502     134
   3009    67,2    1505     101
   3014    67,2    1508     134
   3019     168    1510     202
   3024    67,2    1512    67,2
   3029    33,6    1515    33,6
   3034    67,2    1518    33,6
   3039    33,6    1520    67,2
   3044     101    1522     168
   3049    67,2    1525     202
   3054    67,2    1528     101
   3059    33,6    1530     168
   3064    67,2    1533     437
   3069    67,2    1535    1748
   3074     639    1538   14691
   3079    1278    1540   19700
   3084    1143    1543   13582
   3089     572    1545    6051
   3094     269    1548    1580
   3099     134    1550     168
   3104    67,2    1553     168
   3109    67,2    1555     202
   3114     101    1558     134
   3119    33,6    1560     202
   3124    67,2    1563    67,2
   3129    33,6    1565     168
   3134     0,0    1568     134
   3139    67,2    1570     101
   3144    33,6    1573    67,2
   3149    33,6    1575     134
