01.01.2007   N1106
Образец: "Au"
LiF200
Трубка: "40,0/0,100"
        Отр1            Отр2
   [мА]  [Имп/с]   [мА]  [Имп/с]
    834    4339     425     168
    839    3397     427     135
    844    3195     430     101
    849    3128     432    67,3
    854    3330     435    67,3
    859    3801     437    67,3
    864    4171     440    67,3
    869    4406     442     101
    874    4877     445     101
    879    5382     447     101
    884    5718     450     101
    889    6155     452     101
    894    6559     455     101
    899    6929     457     135
    904    7601     460     135
    909    8846     462     135
    914    9990     465     135
    919   11066     467     135
    924   11100     469     168
    929   10259     472     202
    934    9014     474     235
    939    7601     477     235
    944    6189     479     235
    949    5112     482     269
    954    4473     484     235
    959    3599     487     235
    964    2994     489     235
    969    2590     492     168
    974    2119     494     168
    979    2119     497     202
    984    2254     499     202
    989    2624     502     202
    994    2994     504     202
    999    3263     507     202
   1004    3229     509     202
   1009    3128     511     202
   1014    3464     514     168
   1019    4305     516     168
   1024    5684     519     168
   1029    7803     521     168
   1034   10023     524     168
   1039    9956     526     202
   1044    9552     529     202
   1049    8207     531     235
   1054    6256     534     404
   1059   10595     536     538
   1064   25562     538     673
   1069   46954     541     875
   1074   65992     543    1043
   1079   73189     546    1144
   1084   69355     548    1144
   1089   57919     551     975
   1094   44768     553     774
   1099   31583     556     639
   1104   19575     558     471
   1109   12176     561     336
   1114    8308     563     336
   1119    6492     566     303
   1124    4574     568     303
   1129    2825     571     269
   1134    2052     573     202
   1139    1951     576     168
   1144    2354     578     202
   1149    2657     581     235
   1154    2657     583     235
   1159    2556     586     235
   1164    2186     588     235
   1169    1614     591     202
   1174    1446     593     202
   1179    1581     596     202
   1184    2254     598     269
   1189    2859     601     336
   1194    3094     603     303
   1199    2624     606     303
   1204    1850     608     202
   1209    1244     610     101
   1214    1211     613     101
   1219    1043     615    67,3
   1224    1110     618     101
   1229    1614     620     101
   1234    2119     623     101
   1239    2254     625    67,3
   1244    1984     628    67,3
   1249    2186     630     0,0
   1254    5314     633     101
   1259   12378     635     437
   1264   31415     638     908
   1269   54320     640    1244
   1274   70835     643    1547
   1279   63435     645    1413
   1284   41909     648     975
   1289   20147     650     572
   1294   10360     652     235
   1299    5415     655    67,3
   1304    3498     657     101
   1309    2523     660     101
   1314    1850     662     135
   1319    1278     665     135
   1324    1076     667     135
   1329     975     670     168
   1334    1345     672     168
   1339    1278     675     168
   1344    1110     677     168
   1349    1110     680     135
   1354    1211     682     101
   1359    1278     685     101
   1364    1177     687     101
   1369    1009     690     135
   1374    1043     692     135
   1379    1278     695     135
   1384    1312     697     168
   1389    1312     700     135
   1394    1312     702     135
   1399    1244     704     135
   1404    1076     707     135
   1409    1009     709     135
   1414     975     712     135
   1419     841     714     168
   1424     975     717     135
   1429     975     719     135
   1434    1345     722     135
   1439    1514     724     135
   1444    2018     727     135
   1449    2624     729     101
   1454    3666     732     101
   1459    3666     734     135
   1464    3027     737     135
   1469    1850     739     168
   1474    1278     742     135
   1479    1043     744     101
   1484     841     747     101
   1489     706     749     135
   1494     572     752     135
   1499     673     754     135
   1504     673     757     101
   1509     673     759     101
   1514     605     761     101
   1519     639     764     101
   1524     774     766     101
   1529    1177     769     101
   1534    1514     771     135
   1539    1648     774     101
   1544    1682     776     101
   1549    1278     779     101
   1554     841     781    67,3
   1559     605     784    67,3
   1564     673     786    67,3
   1569     807     789    67,3
   1574     706     791     101
   1579     572     794     135
   1584     471     796     135
   1589     505     799     135
   1594     572     801     101
   1599     437     804    67,3
   1604     370     806    67,3
   1609     303     809    67,3
   1614     505     811     101
   1619     370     813     101
   1624     303     816    67,3
   1629     471     818    67,3
   1634     336     821    33,6
   1639     269     823    33,6
   1644     370     826    67,3
   1649     370     828     101
   1654     572     831     135
   1659     505     833     101
   1664     404     836    67,3
   1669     505     838     101
   1674     471     841     135
   1679     370     843     101
   1684     404     846     101
   1689     336     848     101
   1694     336     851     135
   1699     303     853     135
   1704     235     856    67,3
   1709     269     858    67,3
   1714     269     861     101
   1719     370     863     101
   1724     404     866     135
   1729     336     868     101
   1734     404     870    67,3
   1739     269     873    67,3
   1744     269     875     101
   1749     437     878     168
   1754     370     880     135
   1759     303     883    67,3
   1764     370     885    67,3
   1769     370     888     135
   1774     269     890     135
   1779     336     893     168
   1784     505     895     202
   1789     437     898     235
   1794     303     900     202
   1799     370     903     202
   1804     303     905     269
   1809     269     908     235
   1814     202     910     168
   1819     269     913     168
   1824     269     915     235
   1829     269     918     336
   1834     370     920     437
   1839     336     923     673
   1844     336     925     706
   1849     336     928     605
   1854     235     930     303
   1859     269     933     168
   1864     303     935     168
   1869     336     937     202
   1874     303     940     135
   1879     202     942    67,3
   1884     269     945    67,3
   1889     235     947    67,3
   1894     303     950    67,3
   1899     303     952    33,6
   1904     101     955    33,6
   1909     202     957    33,6
   1914     202     960    33,6
   1919     303     962    33,6
   1924     370     965    67,3
   1929     471     967     101
   1934     505     970     101
   1939     370     972    67,3
   1944     303     975    67,3
   1949     235     977     101
   1954     269     980    67,3
   1959     135     982    67,3
   1964     101     985     101
   1969     235     987     101
   1974     269     990    67,3
   1979     135     992    67,3
   1984     135     995    67,3
   1989     135     997    67,3
   1994     168    1000    67,3
   1999     269    1002    67,3
   2004     202    1005    67,3
   2009     101    1007    33,6
   2014     168    1010    67,3
   2019     135    1012     168
   2024     202    1015    67,3
   2029     269    1017    33,6
   2034     202    1020     101
   2039     235    1022    67,3
   2044     202    1025    67,3
   2049     168    1027    67,3
   2054     168    1030     101
   2059     135    1032     101
   2064     135    1034     101
   2069     168    1037     135
   2074     202    1039     235
   2079     168    1042     168
   2084     202    1044     202
   2089    67,3    1047     235
   2094     135    1049     168
   2099     235    1052     101
   2104     135    1054     135
   2109    67,3    1057     202
   2114     101    1059     370
   2119     168    1062     841
   2124     168    1064    1413
   2129     336    1067    1984
   2134     235    1069    2119
   2139     235    1072    1783
   2144     168    1074    1480
   2149     135    1077    1682
   2154     370    1079    2893
   2159     673    1082    4204
   2164     303    1084    3935
   2169     269    1087    2455
   2174     168    1089    1076
   2179     168    1092     269
   2184     235    1094     202
   2189    67,3    1097     168
   2194     135    1099     235
   2199    67,3    1102     336
   2204    67,3    1104     370
   2209     235    1107     437
   2214     235    1109     404
   2219     135    1112     303
   2224    33,6    1114     235
   2229    33,6    1117     235
   2234     168    1119     101
   2239     101    1122     135
   2244     135    1124     101
   2249     135    1127     101
   2254     101    1129    33,6
   2259     168    1131    33,6
   2264     101    1134    67,3
   2269     135    1136     101
   2274    67,3    1139     101
   2279     135    1141    67,3
   2284    33,6    1144    33,6
   2289     101    1146    67,3
   2294     101    1149    67,3
   2299    33,6    1151    33,6
   2304    67,3    1154    67,3
   2309     101    1156     135
   2314    67,3    1159     101
   2319    67,3    1161    67,3
   2324    33,6    1164    33,6
   2329     101    1166    67,3
   2334    33,6    1169    67,3
   2339    67,3    1171     101
   2344    67,3    1174     135
   2349     101    1176    33,6
   2354     202    1179     101
   2359    67,3    1181    67,3
   2364    33,6    1184    33,6
   2369     202    1186     101
   2374     101    1189    33,6
   2379    33,6    1191    33,6
   2384    33,6    1194    67,3
   2389    33,6    1196    67,3
   2394    33,6    1199     101
   2399     168    1201    67,3
   2404    67,3    1204    33,6
   2409    33,6    1206    67,3
   2414     101    1209    67,3
   2419     0,0    1211    67,3
   2424    33,6    1214    33,6
   2429    67,3    1216    33,6
   2434     168    1218    67,3
   2439    67,3    1221    67,3
   2444     0,0    1223    33,6
   2449    33,6    1226    67,3
   2454     0,0    1229    67,3
   2459    33,6    1231    33,6
   2464    67,3    1234     0,0
   2469     135    1236    67,3
   2474    67,3    1238     0,0
   2479     135    1241    33,6
   2484     101    1243    67,3
   2489    33,6    1246    33,6
   2494     135    1248    67,3
   2499    67,3    1251    67,3
   2504    67,3    1253    33,6
   2509    67,3    1256    33,6
   2514    33,6    1258    67,3
   2519    67,3    1261    33,6
   2524    67,3    1263    67,3
   2529    67,3    1266     135
   2534    67,3    1268     538
   2539     202    1271    1379
   2544     336    1273    3498
   2549     471    1276    4204
   2554     269    1278    3061
   2559     135    1281    1177
   2564     135    1283     505
   2569    67,3    1286     572
   2574    67,3    1288     437
   2579     135    1291     235
   2584    33,6    1293    67,3
   2589     135    1296     101
   2594     101    1298     135
   2599     202    1301    33,6
   2604    33,6    1303    67,3
   2609    33,6    1306    67,3
   2614     135    1308    33,6
   2619    33,6    1311    33,6
   2624    33,6    1313    67,3
   2629     0,0    1316    33,6
   2634    67,3    1318    67,3
   2639    33,6    1321     0,0
   2644     202    1323    33,6
   2649    33,6    1326     0,0
   2654    67,3    1328    33,6
   2659     0,0    1331    33,6
   2664    33,6    1333     0,0
   2669     0,0    1336     0,0
   2674    33,6    1338     0,0
   2679    33,6    1340    33,6
   2684    67,3    1343     0,0
   2689     101    1345    33,6
   2694     0,0    1348     0,0
   2699    67,3    1351    33,6
   2704     0,0    1353     0,0
   2709     0,0    1356     0,0
   2714    67,3    1358     0,0
   2719     0,0    1360    33,6
   2724    33,6    1363    67,3
   2729     101    1365    33,6
   2734     135    1368     101
   2739     101    1370    33,6
   2744     0,0    1373    33,6
   2749    33,6    1375    67,3
   2754    67,3    1378    33,6
   2759    33,6    1380    33,6
   2764    33,6    1383    67,3
   2769    33,6    1385    33,6
   2774    67,3    1388     101
   2779    33,6    1390     101
   2784     101    1393     168
   2789     0,0    1395    33,6
   2794     135    1398    33,6
   2799    33,6    1400    33,6
   2804     0,0    1403    67,3
   2809     0,0    1405    67,3
   2814     0,0    1408    33,6
   2819     0,0    1410    33,6
   2824    67,3    1413    33,6
   2829    67,3    1415     0,0
   2834     0,0    1418     0,0
   2839     0,0    1420    33,6
   2844     0,0    1422    33,6
   2849     0,0    1425    67,3
   2854    67,3    1427    33,6
   2859     0,0    1430    33,6
   2864     0,0    1432    33,6
   2869    33,6    1435    33,6
   2874    67,3    1437    67,3
   2879    33,6    1440     0,0
   2884     0,0    1442     0,0
   2889    67,3    1445    33,6
   2894     0,0    1447    67,3
   2899    33,6    1450    33,6
   2904     135    1452    67,3
   2909    33,6    1455     101
   2914    33,6    1457     101
   2919     0,0    1460     202
   2924    33,6    1462    33,6
   2929    33,6    1465    33,6
   2934    67,3    1467    67,3
   2939    33,6    1470    33,6
   2944     0,0    1472    33,6
   2949    67,3    1475     0,0
   2954     101    1477     168
   2959     0,0    1480     0,0
   2964     0,0    1482    33,6
   2969     0,0    1485     0,0
   2974     101    1487     0,0
   2979     0,0    1490    67,3
   2984    33,6    1492     0,0
   2989     0,0    1495    33,6
   2994    33,6    1498    33,6
   2999     101    1500    33,6
   3004     0,0    1502     0,0
   3009    33,6    1505     0,0
   3014    67,3    1508     101
   3019     0,0    1510    67,3
   3024     0,0    1512     0,0
   3029    33,6    1515    67,3
   3034     0,0    1518    33,6
   3039     0,0    1520    67,3
   3044     0,0    1522     101
   3049     0,0    1525     0,0
   3054     0,0    1528    33,6
   3059    33,6    1530    33,6
   3064     0,0    1533     0,0
   3069     0,0    1535    67,3
   3074     0,0    1538     0,0
   3079     0,0    1540     0,0
   3084     0,0    1543    67,3
   3089     0,0    1545    33,6
   3094     0,0    1548    33,6
   3099     0,0    1550     101
   3104     0,0    1553     101
   3109     0,0    1555     0,0
   3114     0,0    1558    67,3
   3119    33,6    1560     101
   3124     0,0    1563    33,6
   3129     0,0    1565    67,3
   3134    33,6    1568    67,3
   3139    33,6    1570    33,6
   3144     0,0    1573    67,3
   3149     0,0    1575    67,3
