01.01.2007   N1106
Образец: "Bi"
LiF200
Трубка: "40,0/0,100"
        Отр1            Отр2
   [мА]  [Имп/с]   [мА]  [Имп/с]
    834    5076     425    67,2
    839    3664     427    67,2
    844    2488     430    33,6
    849    1580     432    33,6
    854    1143     435    33,6
    859     908     437    33,6
    864    1311     440    33,6
    869    1916     442    33,6
    874    2757     445    33,6
    879    3463     447    33,6
    884    3900     450    33,6
    889    4303     452    33,6
    894    4471     455    33,6
    899    6589     457    33,6
    904   11094     460    67,2
    909   18793     462     134
    914   28643     465     303
    919   36745     467     538
    924   42393     469     807
    929   45150     472    1210
    934   49184     474    1546
    939   59101     477    1950
    944   77625     479    2152
    949   90770     482    2185
    954   98435     484    1983
    959   91577     487    1748
    964   71372     489    1311
    969   52916     492     840
    974   34661     494     471
    979   22255     497     269
    984   15498     499     134
    989   11531     502    67,2
    994    9111     504    67,2
    999    6656     507    67,2
   1004    4942     509    67,2
   1009    3732     511    67,2
   1014    3295     514    33,6
   1019    2925     516    67,2
   1024    2891     519    67,2
   1029    2790     521    67,2
   1034    3026     524    67,2
   1039    3496     526    67,2
   1044    3664     529    67,2
   1049    3631     531     101
   1054    3732     534     101
   1059    3564     536     101
   1064    3429     538     101
   1069    3261     541     134
   1074    2723     543     134
   1079    2589     546     134
   1084    2757     548     134
   1089    3463     551     134
   1094    4101     553     168
   1099    4740     556     168
   1104    6656     558     168
   1109   10590     561     101
   1114   20104     563     202
   1119   35165     566     437
   1124   53890     568     908
   1129   67472     571    1412
   1134   78096     573    2118
   1139   85492     576    2421
   1144   92485     578    2421
   1149   88417     581    1916
   1154   68044     583    1278
   1159   38392     586     773
   1164   15229     588     269
   1169    3967     591     0,0
   1174    1815     593     0,0
   1179    1916     596    33,6
   1184    1950     598    33,6
   1189    1950     601    67,2
   1194    1782     603    67,2
   1199    1244     606    67,2
   1204     706     608    67,2
   1209     504     610    33,6
   1214     572     613    33,6
   1219     706     615    33,6
   1224     840     618    33,6
   1229     941     620    67,2
   1234    1143     623    67,2
   1239    1042     625    67,2
   1244     773     628    33,6
   1249     471     630     0,0
   1254     437     633    33,6
   1259     572     635     0,0
   1264     706     638    33,6
   1269     908     640    33,6
   1274    1009     643    33,6
   1279    1009     645    33,6
   1284     840     648    33,6
   1289     840     650    33,6
   1294     975     652    33,6
   1299    1278     655     0,0
   1304    2185     657    67,2
   1309    3362     660    67,2
   1314    3900     662    67,2
   1319    2790     665    67,2
   1324    1614     667    33,6
   1329    1042     670    33,6
   1334     807     672     0,0
   1339     672     675     0,0
   1344     706     677    33,6
   1349     773     680    33,6
   1354     807     682    67,2
   1359     740     685    33,6
   1364     706     687    33,6
   1369     639     690    33,6
   1374     672     692    33,6
   1379     740     695    33,6
   1384     807     697    67,2
   1389    1009     700    33,6
   1394    1009     702    67,2
   1399     807     704    33,6
   1404     605     707    67,2
   1409     672     709    67,2
   1414     639     712    67,2
   1419     538     714    67,2
   1424     504     717    67,2
   1429     538     719    67,2
   1434     605     722    67,2
   1439     471     724     101
   1444     403     727    67,2
   1449     437     729    67,2
   1454     605     732    33,6
   1459     605     734    33,6
   1464     639     737    67,2
   1469     605     739    67,2
   1474     471     742    67,2
   1479     437     744    67,2
   1484     538     747    67,2
   1489     538     749    67,2
   1494     471     752    67,2
   1499     370     754     101
   1504     303     757     134
   1509     403     759    67,2
   1514     572     761    67,2
   1519     504     764    67,2
   1524     639     766    67,2
   1529     941     769     101
   1534    1311     771     101
   1539    1378     774     101
   1544    1143     776     168
   1549     874     779     235
   1554     538     781     269
   1559     572     784     235
   1564     437     786     202
   1569     370     789     269
   1574     403     791     303
   1579     403     794     303
   1584     403     796     336
   1589     370     799     303
   1594     370     801     370
   1599     437     804     471
   1604     437     806     639
   1609     403     809     908
   1614     403     811     941
   1619     336     813     807
   1624     303     816     605
   1629     303     818     370
   1634     336     821     235
   1639     269     823     101
   1644     235     826    67,2
   1649     269     828     101
   1654     336     831     134
   1659     303     833     101
   1664     269     836     134
   1669     269     838     134
   1674     303     841     134
   1679     235     843     134
   1684     134     846     101
   1689     168     848     101
   1694     235     851    67,2
   1699     202     853    33,6
   1704     168     856    33,6
   1709     235     858    67,2
   1714     202     861    33,6
   1719     202     863    67,2
   1724     235     866    67,2
   1729     235     868    67,2
   1734     202     870    33,6
   1739     235     873    67,2
   1744     235     875    67,2
   1749     134     878     101
   1754     134     880    67,2
   1759     235     883    33,6
   1764     168     885    33,6
   1769     134     888    67,2
   1774     134     890    67,2
   1779    67,2     893    67,2
   1784     101     895    67,2
   1789     202     898     101
   1794     202     900     134
   1799     168     903     101
   1804     168     905    67,2
   1809     235     908    67,2
   1814     235     910     134
   1819     202     913     202
   1824     134     915     269
   1829     168     918     235
   1834     134     920     336
   1839     269     923     572
   1844     303     925     572
   1849     168     928     437
   1854     202     930     437
   1859     235     933     538
   1864     168     935     672
   1869     168     937     874
   1874     370     940    1210
   1879     437     942    2051
   1884     303     945    3362
   1889     706     947    5782
   1894     840     950    7161
   1899     874     952    7127
   1904     975     955    5379
   1909     572     957    3127
   1914     202     960    1513
   1919     202     962     437
   1924     202     965     202
   1929     202     967     336
   1934     202     970     303
   1939     235     972     471
   1944     168     975     639
   1949     168     977     538
   1954     168     980     403
   1959     134     982     336
   1964     101     985     269
   1969     134     987     269
   1974    67,2     990     269
   1979     101     992     269
   1984     134     995     134
   1989     134     997     168
   1994    67,2    1000     168
   1999     0,0    1002     101
   2004    33,6    1005     134
   2009     101    1007     168
   2014     134    1010     134
   2019     101    1012     101
   2024    67,2    1015    33,6
   2029    33,6    1017    33,6
   2034     101    1020    33,6
   2039    67,2    1022    33,6
   2044     101    1025    67,2
   2049     134    1027    67,2
   2054    33,6    1030    67,2
   2059    67,2    1032     101
   2064     134    1034     134
   2069     101    1037    67,2
   2074     134    1039    33,6
   2079    33,6    1042    67,2
   2084     134    1044     101
   2089    67,2    1047    33,6
   2094    67,2    1049     101
   2099    67,2    1052     134
   2104    67,2    1054     134
   2109     134    1057     269
   2114    33,6    1059     303
   2119     101    1062     168
   2124    67,2    1064    67,2
   2129    67,2    1067    67,2
   2134     0,0    1069    67,2
   2139     134    1072    67,2
   2144    67,2    1074    33,6
   2149    33,6    1077    67,2
   2154     0,0    1079     101
   2159    33,6    1082    67,2
   2164    33,6    1084    67,2
   2169    67,2    1087    67,2
   2174    33,6    1089    33,6
   2179    67,2    1092    67,2
   2184     101    1094     101
   2189    33,6    1097    67,2
   2194    33,6    1099    33,6
   2199     168    1102    67,2
   2204    67,2    1104    67,2
   2209     168    1107     101
   2214     0,0    1109     101
   2219    67,2    1112    67,2
   2224    33,6    1114    67,2
   2229    67,2    1117    67,2
   2234    67,2    1119    33,6
   2239     168    1122    33,6
   2244     168    1124    67,2
   2249    33,6    1127    33,6
   2254    33,6    1129     134
   2259     101    1131     202
   2264     134    1134     572
   2269     202    1136    1446
   2274     168    1139    3664
   2279     403    1141    6623
   2284     605    1144    6421
   2289     370    1146    3227
   2294     202    1149    1042
   2299    33,6    1151     740
   2304     134    1154     672
   2309     134    1156     504
   2314    33,6    1159     269
   2319     168    1161     168
   2324    33,6    1164    33,6
   2329    33,6    1166     134
   2334     101    1169     168
   2339     101    1171     134
   2344     101    1174     168
   2349     0,0    1176     202
   2354    67,2    1179    67,2
   2359    33,6    1181    67,2
   2364    33,6    1184     101
   2369     101    1186    67,2
   2374    33,6    1189    67,2
   2379     0,0    1191    67,2
   2384    67,2    1194    33,6
   2389    33,6    1196     101
   2394    67,2    1199     101
   2399    67,2    1201    33,6
   2404    33,6    1204    33,6
   2409    33,6    1206    33,6
   2414    67,2    1209    67,2
   2419    67,2    1211    67,2
   2424     0,0    1214    67,2
   2429    67,2    1216     101
   2434     134    1218    33,6
   2439    33,6    1221    67,2
   2444    33,6    1223    67,2
   2449     0,0    1226    33,6
   2454    33,6    1229    33,6
   2459    33,6    1231     0,0
   2464     0,0    1234    33,6
   2469    33,6    1236     0,0
   2474    33,6    1238    67,2
   2479    33,6    1241    67,2
   2484    33,6    1243    67,2
   2489     0,0    1246    33,6
   2494    67,2    1248     0,0
   2499    67,2    1251    33,6
   2504    33,6    1253    67,2
   2509     0,0    1256     0,0
   2514    33,6    1258     0,0
   2519     0,0    1261    33,6
   2524     0,0    1263     0,0
   2529    33,6    1266     0,0
   2534    33,6    1268     0,0
   2539    33,6    1271     0,0
   2544    33,6    1273    67,2
   2549    67,2    1276    67,2
   2554     101    1278    33,6
   2559    33,6    1281    67,2
   2564     0,0    1283     0,0
   2569    33,6    1286     0,0
   2574    33,6    1288    33,6
   2579    67,2    1291    33,6
   2584    33,6    1293     0,0
   2589    67,2    1296    33,6
   2594    33,6    1298     0,0
   2599    67,2    1301    33,6
   2604    33,6    1303    33,6
   2609     0,0    1306    67,2
   2614    67,2    1308     101
   2619    33,6    1311     101
   2624     101    1313     202
   2629    33,6    1316     235
   2634    33,6    1318     168
   2639     0,0    1321    67,2
   2644    67,2    1323    67,2
   2649     0,0    1326    33,6
   2654    33,6    1328    67,2
   2659     0,0    1331     0,0
   2664     0,0    1333    33,6
   2669    33,6    1336    67,2
   2674    33,6    1338     0,0
   2679     0,0    1340     0,0
   2684    67,2    1343    67,2
   2689     0,0    1345     0,0
   2694     0,0    1348    67,2
   2699     0,0    1351     0,0
   2704     0,0    1353    33,6
   2709    33,6    1356     0,0
   2714     0,0    1358    33,6
   2719    67,2    1360    33,6
   2724    33,6    1363     0,0
   2729     0,0    1365    33,6
   2734     0,0    1368    67,2
   2739     0,0    1370    33,6
   2744    67,2    1373     0,0
   2749     0,0    1375     0,0
   2754     0,0    1378    33,6
   2759    67,2    1380    33,6
   2764     0,0    1383     0,0
   2769    33,6    1385     134
   2774    67,2    1388     0,0
   2779    33,6    1390    67,2
   2784    67,2    1393    33,6
   2789     0,0    1395     0,0
   2794    33,6    1398    67,2
   2799    33,6    1400     0,0
   2804    67,2    1403    33,6
   2809     0,0    1405    33,6
   2814     0,0    1408    33,6
   2819     0,0    1410    33,6
   2824     0,0    1413    67,2
   2829    67,2    1415    33,6
   2834    33,6    1418     101
   2839     0,0    1420     0,0
   2844    33,6    1422    33,6
   2849    33,6    1425     134
   2854     101    1427     202
   2859     0,0    1430    33,6
   2864    33,6    1432    33,6
   2869     0,0    1435    67,2
   2874     0,0    1437    33,6
   2879    33,6    1440     0,0
   2884     0,0    1442     0,0
   2889     0,0    1445     0,0
   2894    33,6    1447     0,0
   2899     0,0    1450     0,0
   2904     0,0    1452     0,0
   2909    33,6    1455     0,0
   2914    67,2    1457     0,0
   2919     0,0    1460     0,0
   2924     0,0    1462    33,6
   2929     0,0    1465    33,6
   2934     0,0    1467    67,2
   2939    33,6    1470    33,6
   2944    33,6    1472     0,0
   2949     0,0    1475    67,2
   2954     0,0    1477     0,0
   2959     0,0    1480    33,6
   2964     0,0    1482     0,0
   2969    33,6    1485     0,0
   2974    67,2    1487    33,6
   2979     0,0    1490    67,2
   2984     0,0    1492    67,2
   2989    33,6    1495    67,2
   2994     0,0    1498    33,6
   2999     0,0    1500    33,6
   3004     0,0    1502     0,0
   3009    33,6    1505     0,0
   3014    33,6    1508     0,0
   3019    33,6    1510     0,0
   3024     0,0    1512     0,0
   3029     0,0    1515     0,0
   3034    33,6    1518     0,0
   3039     0,0    1520     0,0
   3044     0,0    1522     0,0
   3049    33,6    1525     0,0
   3054     0,0    1528     0,0
   3059     0,0    1530     0,0
   3064     0,0    1533    67,2
   3069     0,0    1535    33,6
   3074     0,0    1538    67,2
   3079     0,0    1540    33,6
   3084     0,0    1543     0,0
   3089     0,0    1545    67,2
   3094     0,0    1548    67,2
   3099     0,0    1550     0,0
   3104    33,6    1553    33,6
   3109     0,0    1555     0,0
   3114     0,0    1558     0,0
   3119     0,0    1560    33,6
   3124     0,0    1563    33,6
   3129     0,0    1565    33,6
   3134    33,6    1568     0,0
   3139    33,6    1570     0,0
   3144     0,0    1573     0,0
   3149     0,0    1575     0,0
