01.01.2007   N1106
Образец: "gold"
LiF200
Трубка: "40,0/0,100"
        Отр1            Отр2
   [мА]  [Имп/с]   [мА]  [Имп/с]
    834    1917     425    67,3
    839    1413     427    67,3
    844    1379     430    67,3
    849    1581     432    67,3
    854    1749     435    67,3
    859    2085     437    33,6
    864    2354     440    33,6
    869    2624     442    33,6
    874    3027     445    33,6
    879    3633     447    33,6
    884    4272     450    33,6
    889    4810     452    33,6
    894    5617     455    33,6
    899    6492     457    33,6
    904    7433     460    67,3
    909    8611     462    67,3
    914    9350     465    67,3
    919    9720     467     101
    924    9552     469     101
    929    8981     472     135
    934    7837     474     135
    939    6155     477     135
    944    4507     479     168
    949    2893     482     168
    954    2085     484     168
    959    1816     487     168
    964    1614     489     168
    969    1480     492     202
    974    1345     494     168
    979    1244     497     168
    984    1244     499     168
    989    1144     502     168
    994    1244     504     135
    999    1547     507     135
   1004    1816     509     135
   1009    2153     511     101
   1014    2556     514     101
   1019    2825     516     101
   1024    3834     519    67,3
   1029    5348     521    67,3
   1034    7299     524    67,3
   1039    8779     526     101
   1044    9418     529     101
   1049   10124     531     168
   1054   11873     534     235
   1059   17927     536     404
   1064   29498     538     605
   1069   41875     541     774
   1074   50116     543     875
   1079   45340     546     841
   1084   34476     548     740
   1089   22199     551     572
   1094   14766     553     437
   1099   10662     556     303
   1104    7601     558     336
   1109    6391     561     370
   1114    5112     563     404
   1119    3801     566     370
   1124    2422     568     303
   1129    1480     571     269
   1134    1177     573     202
   1139    1211     576     168
   1144    1278     578     135
   1149    1211     581     101
   1154    1177     583     101
   1159    1177     586    67,3
   1164    1211     588    67,3
   1169    1110     591    67,3
   1174    1009     593    67,3
   1179    1076     596    67,3
   1184    1345     598    67,3
   1189    1783     601     101
   1194    1984     603     101
   1199    1715     606     101
   1204    1244     608    67,3
   1209     875     610    33,6
   1214     740     613    33,6
   1219     807     615    33,6
   1224     975     618    33,6
   1229    1278     620    33,6
   1234    1312     623    33,6
   1239    1244     625    67,3
   1244    1345     628    67,3
   1249    2455     630    33,6
   1254    5213     633    67,3
   1259    9451     635     202
   1264   21291     638     404
   1269   39117     640     538
   1274   47963     643     673
   1279   42481     645     605
   1284   24856     648     471
   1289   13689     650     235
   1294    8308     652     101
   1299    4305     655    67,3
   1304    1850     657    67,3
   1309     975     660    67,3
   1314     942     662    33,6
   1319     673     665    33,6
   1324     605     667    33,6
   1329     605     670    67,3
   1334     639     672    67,3
   1339     639     675    33,6
   1344     706     677    67,3
   1349     740     680    67,3
   1354     774     682    67,3
   1359     908     685    67,3
   1364    1244     687    67,3
   1369    2825     690    67,3
   1374    6929     692     101
   1379   12748     695     101
   1384   16885     697     101
   1389   17894     700     101
   1394   16246     702    67,3
   1399   11301     704    67,3
   1404    5718     707    67,3
   1409    2354     709    67,3
   1414    1514     712    67,3
   1419    1413     714    33,6
   1424    1514     717    33,6
   1429    1749     719    33,6
   1434    1581     722    33,6
   1439    1783     724    33,6
   1444    2388     727    33,6
   1449    3128     729    67,3
   1454    3464     732    67,3
   1459    3263     734     101
   1464    2489     737    67,3
   1469    1715     739    67,3
   1474    1043     742    33,6
   1479     706     744    33,6
   1484     605     747    33,6
   1489     740     749    33,6
   1494     706     752    67,3
   1499     706     754    67,3
   1504     774     757    67,3
   1509    1009     759    33,6
   1514    1043     761    33,6
   1519    5987     764    67,3
   1524   25260     766     370
   1529   57818     769     706
   1534   81699     771    1144
   1539   85264     774    1144
   1544   69826     776     875
   1549   44633     779     437
   1554   17726     781     135
   1559    3902     784    33,6
   1564    1177     786     0,0
   1569     740     789    33,6
   1574     538     791    33,6
   1579     639     794    33,6
   1584     774     796    33,6
   1589     774     799    33,6
   1594     639     801    33,6
   1599     572     804    33,6
   1604     471     806     0,0
   1609     404     809    33,6
   1614     404     811    33,6
   1619     370     813    33,6
   1624     404     816    33,6
   1629     404     818    33,6
   1634     370     821    33,6
   1639     303     823    33,6
   1644     303     826    33,6
   1649     336     828    33,6
   1654     336     831    33,6
   1659     404     833    33,6
   1664     404     836    67,3
   1669     370     838    67,3
   1674     303     841    67,3
   1679     303     843    33,6
   1684     303     846    33,6
   1689     336     848    33,6
   1694     269     851    33,6
   1699     202     853     0,0
   1704     202     856    33,6
   1709     269     858    67,3
   1714     269     861    67,3
   1719     303     863    67,3
   1724     437     866    67,3
   1729     404     868    67,3
   1734     370     870    33,6
   1739     370     873    33,6
   1744     269     875    33,6
   1749     303     878    33,6
   1754     404     880    33,6
   1759     437     883    33,6
   1764     336     885    33,6
   1769     303     888    67,3
   1774     303     890     135
   1779     235     893     202
   1784     202     895     202
   1789     202     898     269
   1794     303     900     202
   1799     303     903     101
   1804     168     905    67,3
   1809     269     908     101
   1814     336     910    33,6
   1819     336     913    33,6
   1824     336     915     135
   1829     269     918     269
   1834     101     920     370
   1839     336     923     404
   1844     269     925     538
   1849     303     928     437
   1854     303     930     336
   1859     168     933     202
   1864     235     935    67,3
   1869     303     937     0,0
   1874     303     940    33,6
   1879     202     942    33,6
   1884     202     945    33,6
   1889     168     947    33,6
   1894     135     950    67,3
   1899     168     952    33,6
   1904     235     955    33,6
   1909     101     957    33,6
   1914     235     960    67,3
   1919     202     962    67,3
   1924     269     965    33,6
   1929     303     967    67,3
   1934     101     970    33,6
   1939     202     972    33,6
   1944     135     975    33,6
   1949     202     977    33,6
   1954     168     980    33,6
   1959     168     982    33,6
   1964     235     985     0,0
   1969     202     987     0,0
   1974     202     990    33,6
   1979     135     992    67,3
   1984     101     995    33,6
   1989     168     997    67,3
   1994     202    1000    33,6
   1999     202    1002    33,6
   2004     235    1005     0,0
   2009     168    1007    33,6
   2014     101    1010    33,6
   2019     202    1012    33,6
   2024     135    1015    33,6
   2029    67,3    1017    33,6
   2034     101    1020    33,6
   2039     168    1022     101
   2044     168    1025     101
   2049     168    1027    67,3
   2054     135    1030    33,6
   2059     168    1032     0,0
   2064     202    1034    67,3
   2069     235    1037     101
   2074     168    1039     101
   2079     101    1042     101
   2084     0,0    1044    33,6
   2089     135    1047    33,6
   2094     168    1049     0,0
   2099     135    1052     101
   2104     101    1054     101
   2109     168    1057     101
   2114     269    1059     235
   2119     336    1062     437
   2124     303    1064     841
   2129     269    1067    1312
   2134     269    1069    1312
   2139     235    1072    1009
   2144     235    1074     807
   2149     202    1077    1177
   2154     303    1079    2018
   2159     370    1082    2523
   2164     437    1084    2085
   2169     336    1087    1244
   2174     235    1089     437
   2179     101    1092     135
   2184     101    1094     135
   2189    67,3    1097     101
   2194     202    1099    67,3
   2199    67,3    1102     168
   2204     202    1104     269
   2209     168    1107     235
   2214     135    1109     168
   2219     168    1112     101
   2224    67,3    1114    33,6
   2229    33,6    1117    33,6
   2234     101    1119    33,6
   2239    33,6    1122     0,0
   2244    67,3    1124    33,6
   2249     101    1127    33,6
   2254     135    1129    33,6
   2259    33,6    1131    33,6
   2264    67,3    1134    33,6
   2269    33,6    1136     0,0
   2274     135    1139    33,6
   2279    67,3    1141     0,0
   2284    33,6    1144    33,6
   2289    33,6    1146    67,3
   2294     101    1149    67,3
   2299    67,3    1151     0,0
   2304     101    1154    33,6
   2309    67,3    1156    67,3
   2314    33,6    1159    33,6
   2319    67,3    1161     0,0
   2324     135    1164    33,6
   2329    67,3    1166     0,0
   2334     135    1169     0,0
   2339    67,3    1171    33,6
   2344    33,6    1174    33,6
   2349    67,3    1176    33,6
   2354     101    1179     0,0
   2359     101    1181    67,3
   2364     101    1184    33,6
   2369     269    1186    33,6
   2374     101    1189     0,0
   2379    67,3    1191    67,3
   2384     135    1194    33,6
   2389     135    1196    67,3
   2394    33,6    1199    33,6
   2399    33,6    1201    67,3
   2404    67,3    1204    67,3
   2409     0,0    1206    67,3
   2414    67,3    1209    33,6
   2419     101    1211     0,0
   2424    33,6    1214    33,6
   2429     135    1216     0,0
   2434    67,3    1218    67,3
   2439     135    1221     0,0
   2444    67,3    1223    33,6
   2449    33,6    1226    33,6
   2454    67,3    1229    33,6
   2459     101    1231    67,3
   2464     101    1234    33,6
   2469     101    1236     0,0
   2474    33,6    1238    67,3
   2479    33,6    1241     0,0
   2484     101    1243    33,6
   2489    33,6    1246    33,6
   2494    67,3    1248     0,0
   2499     0,0    1251    67,3
   2504    33,6    1253    33,6
   2509    67,3    1256    33,6
   2514     0,0    1258     0,0
   2519    67,3    1261    33,6
   2524    33,6    1263    67,3
   2529     101    1266     135
   2534    33,6    1268     269
   2539     168    1271     975
   2544     235    1273    2018
   2549     269    1276    2388
   2554     202    1278    1312
   2559    67,3    1281     437
   2564     135    1283     202
   2569     168    1286     269
   2574     168    1288     370
   2579    67,3    1291    33,6
   2584    67,3    1293     0,0
   2589    67,3    1296    33,6
   2594     0,0    1298     0,0
   2599    67,3    1301    33,6
   2604     0,0    1303     0,0
   2609    67,3    1306    33,6
   2614    33,6    1308    33,6
   2619     101    1311     0,0
   2624     0,0    1313    67,3
   2629    33,6    1316     0,0
   2634    67,3    1318    33,6
   2639    67,3    1321    33,6
   2644    67,3    1323    67,3
   2649    33,6    1326     0,0
   2654    33,6    1328    33,6
   2659     101    1331    33,6
   2664    67,3    1333    67,3
   2669     168    1336    33,6
   2674    33,6    1338    33,6
   2679    33,6    1340     0,0
   2684    67,3    1343    33,6
   2689    33,6    1345    33,6
   2694     0,0    1348    33,6
   2699     101    1351    33,6
   2704    33,6    1353     0,0
   2709    67,3    1356    67,3
   2714    33,6    1358    67,3
   2719     0,0    1360     0,0
   2724    33,6    1363    33,6
   2729     101    1365     0,0
   2734     101    1368     0,0
   2739    67,3    1370    33,6
   2744     0,0    1373     0,0
   2749     0,0    1375     0,0
   2754     0,0    1378    67,3
   2759    33,6    1380     0,0
   2764    67,3    1383    67,3
   2769    33,6    1385    67,3
   2774     168    1388     404
   2779     101    1390     807
   2784    33,6    1393     437
   2789    67,3    1395     202
   2794     0,0    1398    67,3
   2799    67,3    1400    67,3
   2804     101    1403    67,3
   2809     101    1405    33,6
   2814    67,3    1408    33,6
   2819     0,0    1410     101
   2824     101    1413    67,3
   2829    67,3    1415    33,6
   2834     0,0    1418     0,0
   2839    67,3    1420    67,3
   2844    67,3    1422     0,0
   2849     0,0    1425     0,0
   2854    33,6    1427    33,6
   2859    67,3    1430     0,0
   2864    33,6    1432    67,3
   2869    67,3    1435     0,0
   2874     0,0    1437     101
   2879     101    1440     0,0
   2884    33,6    1442    67,3
   2889    67,3    1445    67,3
   2894    33,6    1447    33,6
   2899    33,6    1450     0,0
   2904     0,0    1452     101
   2909    33,6    1455     101
   2914    67,3    1457     0,0
   2919     0,0    1460    67,3
   2924    33,6    1462    33,6
   2929     0,0    1465     0,0
   2934     0,0    1467    67,3
   2939     0,0    1470    33,6
   2944     0,0    1472     0,0
   2949     0,0    1475    33,6
   2954    33,6    1477     0,0
   2959    67,3    1480    67,3
   2964    33,6    1482    33,6
   2969     0,0    1485     0,0
   2974     0,0    1487    33,6
   2979    33,6    1490    67,3
   2984    33,6    1492    33,6
   2989    33,6    1495    67,3
   2994     0,0    1498     0,0
   2999    33,6    1500     101
   3004    33,6    1502    33,6
   3009     0,0    1505     0,0
   3014     0,0    1508    67,3
   3019     0,0    1510    33,6
   3024     0,0    1512     0,0
   3029     0,0    1515     0,0
   3034     135    1518    67,3
   3039     0,0    1520    67,3
   3044     0,0    1522     0,0
   3049    33,6    1525    67,3
   3054     0,0    1528     0,0
   3059    33,6    1530    33,6
   3064     0,0    1533     101
   3069     0,0    1535     168
   3074    67,3    1538    1379
   3079     202    1540    2489
   3084     135    1543    1614
   3089    67,3    1545     875
   3094    33,6    1548     202
   3099    33,6    1550     135
   3104     0,0    1553    67,3
   3109     0,0    1555     0,0
   3114    67,3    1558     101
   3119     0,0    1560    33,6
   3124     0,0    1563     0,0
   3129     0,0    1565    67,3
   3134     0,0    1568     0,0
   3139    33,6    1570    33,6
   3144     0,0    1573     0,0
   3149    33,6    1575     0,0
