01.01.2007   N1106
Образец: "Nd"
LiF200
Трубка: "40,0/0,100"
        Отр1            Отр2
   [мА]  [Имп/с]   [мА]  [Имп/с]
    834     806     425     101
    839     806     427    67,2
    844     839     430    67,2
    849     772     432    67,2
    854     772     435    33,6
    859     839     437    33,6
    864     873     440    33,6
    869     839     442    67,2
    874     907     445    67,2
    879     873     447    67,2
    884     839     450    67,2
    889     806     452    67,2
    894     772     455    67,2
    899     739     457    33,6
    904     705     460    33,6
    909     705     462    33,6
    914     705     465    33,6
    919     772     467    33,6
    924     772     469    67,2
    929     739     472    67,2
    934     705     474    67,2
    939     772     477     101
    944     739     479     101
    949     772     482     101
    954     806     484     134
    959     873     487     134
    964     806     489     134
    969     739     492     134
    974     672     494     134
    979     672     497     101
    984     604     499     101
    989     672     502    67,2
    994     638     504    67,2
    999     537     507    67,2
   1004     571     509    33,6
   1009     604     511    33,6
   1014     571     514    33,6
   1019     571     516    33,6
   1024     537     519    33,6
   1029     436     521    33,6
   1034     436     524    67,2
   1039     369     526    33,6
   1044     336     529    33,6
   1049     269     531    33,6
   1054     235     534    33,6
   1059     201     536     0,0
   1064     168     538    33,6
   1069     134     541    33,6
   1074     168     543     101
   1079     269     546     134
   1084     403     548     134
   1089     470     551     168
   1094     537     553     134
   1099     537     556     134
   1104     537     558     134
   1109     571     561     134
   1114     571     563     168
   1119     537     566     168
   1124     504     568     101
   1129     436     571     101
   1134     436     573    67,2
   1139     504     576    67,2
   1144     504     578    67,2
   1149     537     581    67,2
   1154     504     583     101
   1159     436     586     101
   1164     403     588    67,2
   1169     403     591    67,2
   1174     436     593    67,2
   1179     436     596    67,2
   1184     470     598    67,2
   1189     369     601     101
   1194     369     603     101
   1199     302     606     101
   1204     235     608     101
   1209     101     610    67,2
   1214     101     613    33,6
   1219     134     615    33,6
   1224     235     618    33,6
   1229     336     620    33,6
   1234     403     623    33,6
   1239     336     625    33,6
   1244     201     628    33,6
   1249     134     630     0,0
   1254     101     633     0,0
   1259     134     635    33,6
   1264     201     638    33,6
   1269     235     640    67,2
   1274     302     643    67,2
   1279     269     645    67,2
   1284     269     648    67,2
   1289     235     650    33,6
   1294     235     652    33,6
   1299     201     655    33,6
   1304     201     657    33,6
   1309     235     660    33,6
   1314     302     662    33,6
   1319     269     665    33,6
   1324     235     667    67,2
   1329     269     670    67,2
   1334     269     672    67,2
   1339     168     675    67,2
   1344     101     677    67,2
   1349     134     680    67,2
   1354     235     682    33,6
   1359     235     685    33,6
   1364     201     687    33,6
   1369     168     690    33,6
   1374     168     692    33,6
   1379     201     695    33,6
   1384     235     697    33,6
   1389     168     700     0,0
   1394     168     702    33,6
   1399     201     704    33,6
   1404     235     707    33,6
   1409     235     709    67,2
   1414     201     712    67,2
   1419     201     714    67,2
   1424     201     717    67,2
   1429     269     719    33,6
   1434     235     722    33,6
   1439     269     724    33,6
   1444     235     727    33,6
   1449     201     729    33,6
   1454     134     732    33,6
   1459     101     734    67,2
   1464     168     737    33,6
   1469     201     739    33,6
   1474     168     742    33,6
   1479     168     744    33,6
   1484     168     747    33,6
   1489     168     749     0,0
   1494     134     752     0,0
   1499     134     754    33,6
   1504     168     757    33,6
   1509     168     759    33,6
   1514     168     761     0,0
   1519     168     764     0,0
   1524     235     766    33,6
   1529     302     769    33,6
   1534     336     771    33,6
   1539     302     774    33,6
   1544     269     776    33,6
   1549     269     779    33,6
   1554     235     781    33,6
   1559     134     784    33,6
   1564     134     786    33,6
   1569     168     789    33,6
   1574     134     791    33,6
   1579     134     794    33,6
   1584     134     796     0,0
   1589     168     799     0,0
   1594     134     801     0,0
   1599     101     804     0,0
   1604     168     806    33,6
   1609     201     809     0,0
   1614     101     811     0,0
   1619    67,2     813    33,6
   1624    67,2     816    67,2
   1629    67,2     818    67,2
   1634     101     821    33,6
   1639     134     823    33,6
   1644     134     826    67,2
   1649     101     828    67,2
   1654    67,2     831    67,2
   1659    67,2     833    33,6
   1664    67,2     836    33,6
   1669     101     838    33,6
   1674     101     841    33,6
   1679    67,2     843    33,6
   1684    67,2     846    33,6
   1689    67,2     848    33,6
   1694    33,6     851    33,6
   1699    33,6     853    33,6
   1704     101     856     0,0
   1709     101     858     0,0
   1714    33,6     861     0,0
   1719     101     863    33,6
   1724     101     866    33,6
   1729     101     868    33,6
   1734     134     870    33,6
   1739     134     873    33,6
   1744     168     875     0,0
   1749     168     878     0,0
   1754     168     880     0,0
   1759     134     883     0,0
   1764    67,2     885    33,6
   1769    67,2     888    33,6
   1774     101     890    67,2
   1779     134     893    67,2
   1784     168     895    33,6
   1789     269     898     0,0
   1794     571     900     0,0
   1799     571     903     0,0
   1804     369     905     0,0
   1809     302     908    33,6
   1814     201     910     0,0
   1819     101     913    33,6
   1824     134     915    33,6
   1829     134     918    33,6
   1834     101     920    33,6
   1839     101     923     0,0
   1844    67,2     925     0,0
   1849     134     928    33,6
   1854     134     930    33,6
   1859    67,2     933    33,6
   1864     403     935    33,6
   1869     974     937    67,2
   1874    1175     940    33,6
   1879    1209     942     0,0
   1884     907     945    33,6
   1889     369     947    33,6
   1894     101     950     0,0
   1899    33,6     952     0,0
   1904     101     955    33,6
   1909    67,2     957    33,6
   1914    33,6     960    33,6
   1919     101     962    33,6
   1924    33,6     965     0,0
   1929     101     967     0,0
   1934     201     970     0,0
   1939     101     972     0,0
   1944    33,6     975     0,0
   1949    33,6     977    33,6
   1954     0,0     980    67,2
   1959    33,6     982    33,6
   1964     101     985    33,6
   1969     101     987    33,6
   1974     101     990    33,6
   1979    67,2     992     0,0
   1984    33,6     995     0,0
   1989    67,2     997     0,0
   1994    33,6    1000    33,6
   1999    67,2    1002    33,6
   2004     0,0    1005     0,0
   2009     134    1007     0,0
   2014     101    1010     0,0
   2019     235    1012    33,6
   2024    1041    1015    33,6
   2029    2384    1017     0,0
   2034    1847    1020     0,0
   2039    1544    1022    33,6
   2044    1142    1025    33,6
   2049     537    1027    33,6
   2054    33,6    1030     0,0
   2059     101    1032     0,0
   2064    67,2    1034    33,6
   2069    33,6    1037     0,0
   2074    33,6    1039     0,0
   2079     0,0    1042     0,0
   2084     101    1044     0,0
   2089    67,2    1047    33,6
   2094     168    1049    33,6
   2099     134    1052     0,0
   2104     302    1054     0,0
   2109     235    1057     0,0
   2114     436    1059    33,6
   2119    1007    1062    33,6
   2124    1309    1064     0,0
   2129    1175    1067    33,6
   2134     705    1069     0,0
   2139     470    1072     0,0
   2144     201    1074     0,0
   2149     235    1077    33,6
   2150     266    1077    10,0
   2151     350    1078    16,0
   2152     424    1078     8,0
   2153     587    1079    12,0
   2154     812    1079    10,0
   2155    1089    1080    11,0
   2156    1487    1080    16,0
   2157    2030    1081    14,0
   2158    2788    1081    20,0
   2159    3529    1082    12,0
   2160    4201    1082    16,0
   2161    4719    1083    17,0
   2162    5194    1083     9,0
   2163    5436    1084    12,0
   2164    5705    1084    27,0
   2165    5720    1085    15,0
   2166    5699    1085    22,0
   2167    5523    1086    14,0
   2168    5469    1086    17,0
   2169    5098    1087    17,0
   2170    4897    1087    13,0
   2171    4713    1088    14,0
   2172    4257    1088    18,0
   2173    3966    1089    10,0
   2174    3423    1089    14,0
   2175    2827    1090    10,0
   2176    2272    1090    15,0
   2177    1711    1091    14,0
   2178    1253    1091     8,0
   2179     949    1092    12,0
   2180     691    1092    12,0
   2181     610    1093    10,0
   2182     447    1093    13,0
   2183     312    1094    11,0
   2184     260    1094    13,0
   2185     224    1095    10,0
   2186     173    1095     9,0
   2187     145    1096     9,0
   2188     123    1096    11,0
   2189    96,0    1097     7,0
   2190     123    1097     5,0
   2194    33,6    1099    33,6
   2199    67,2    1102    33,6
   2204     101    1104     0,0
   2209     168    1107     0,0
   2214    33,6    1109     0,0
   2219    33,6    1112     0,0
   2224    33,6    1114    33,6
   2229     101    1117     0,0
   2234    67,2    1119     0,0
   2239    67,2    1122     0,0
   2244    33,6    1124     0,0
   2249    33,6    1127     0,0
   2254     0,0    1129     0,0
   2259    33,6    1131     0,0
   2264    33,6    1134     0,0
   2269    33,6    1136     0,0
   2274     0,0    1139    33,6
   2279    67,2    1141    33,6
   2284    33,6    1144     0,0
   2289    33,6    1146    33,6
   2294     0,0    1149    33,6
   2299     101    1151     0,0
   2304    33,6    1154     0,0
   2309     0,0    1156     0,0
   2314    67,2    1159     0,0
   2319    33,6    1161     0,0
   2324    33,6    1164    33,6
   2329    67,2    1166    33,6
   2334    67,2    1169     0,0
   2339    33,6    1171     0,0
   2344     0,0    1174     0,0
   2349     134    1176     0,0
   2350    89,0    1177     9,0
   2351     126    1177     8,0
   2352     123    1178     6,0
   2353     152    1178     6,0
   2354     156    1179    11,0
   2355     190    1179     9,0
   2356     214    1180     6,0
   2357     253    1180    10,0
   2358     339    1181    16,0
   2359     519    1181     9,0
   2360     764    1182     7,0
   2361    1169    1182     8,0
   2362    1757    1183     4,0
   2363    2374    1183    12,0
   2364    2875    1184     9,0
   2365    3470    1184    13,0
   2366    3828    1185    10,0
   2367    4036    1185    13,0
   2368    4210    1186    17,0
   2369    4270    1186    15,0
   2370    4216    1187     9,0
   2371    4135    1187     7,0
   2372    4042    1188    15,0
   2373    3814    1188     9,0
   2374    3781    1189     9,0
   2375    3613    1189     9,0
   2376    3226    1190    11,0
   2377    2895    1190     2,0
   2378    2419    1191    12,0
   2379    1995    1191     5,0
   2380    1627    1192     7,0
   2381    1283    1192     5,0
   2382    1108    1193     6,0
   2383     953    1193     5,0
   2384     729    1194     4,0
   2385     665    1194     6,0
   2386     556    1195     8,0
   2387     468    1195     2,0
   2388     415    1196    10,0
   2389     314    1196     4,0
   2390     239    1197    10,0
   2391     188    1197     8,0
   2392     181    1198     8,0
   2393     133    1198     7,0
   2394     111    1199     6,0
   2395    96,0    1199    11,0
   2396    86,0    1200     9,0
   2397    59,0    1200     6,0
   2398    89,0    1201     7,0
   2399    78,0    1201     9,0
   2400    73,0    1202     7,0
   2404    33,6    1204    33,6
   2409     134    1206     0,0
   2414    33,6    1209     0,0
   2419    67,2    1211     0,0
   2424     0,0    1214     0,0
   2429     0,0    1216     0,0
   2434     0,0    1218     0,0
   2439     0,0    1221     0,0
   2444    67,2    1223     0,0
   2449    33,6    1226     0,0
   2454     0,0    1229     0,0
   2459     0,0    1231     0,0
   2464     101    1234    33,6
   2469     0,0    1236    33,6
   2474    67,2    1238     0,0
   2479    33,6    1241     0,0
   2484    33,6    1243     0,0
   2489     0,0    1246    33,6
   2494     0,0    1248     0,0
   2499    33,6    1251     0,0
   2504     0,0    1253     0,0
   2509     0,0    1256    33,6
   2514     0,0    1258     0,0
   2519     0,0    1261     0,0
   2524     0,0    1263     0,0
   2529     0,0    1266     0,0
   2534    33,6    1268     0,0
   2539     0,0    1271     0,0
   2544     0,0    1273     0,0
   2549    33,6    1276     0,0
   2554    33,6    1278     0,0
   2559     0,0    1281     0,0
   2564     0,0    1283     0,0
   2569     0,0    1286    33,6
   2574     0,0    1288     0,0
   2579    33,6    1291    33,6
   2584     0,0    1293     0,0
   2589     0,0    1296     0,0
   2594    33,6    1298     0,0
   2599     0,0    1301     0,0
   2604     0,0    1303     0,0
   2609     0,0    1306     0,0
   2614     0,0    1308     0,0
   2619    67,2    1311     0,0
   2624     0,0    1313     0,0
   2629     0,0    1316     0,0
   2634     0,0    1318     0,0
   2639     0,0    1321     0,0
   2644    33,6    1323     0,0
   2649    33,6    1326    33,6
   2654     0,0    1328     0,0
   2659     0,0    1331    33,6
   2664    67,2    1333     0,0
   2669    33,6    1336    33,6
   2674    33,6    1338     0,0
   2679     0,0    1340     0,0
   2684    67,2    1343     0,0
   2689     0,0    1345     0,0
   2694     0,0    1348     0,0
   2699    33,6    1351     0,0
   2704     0,0    1353     0,0
   2709     0,0    1356     0,0
   2714     0,0    1358     0,0
   2719     0,0    1360    67,2
   2724     0,0    1363     0,0
   2729     0,0    1365     0,0
   2734     0,0    1368     0,0
   2739     0,0    1370     0,0
   2744     0,0    1373    33,6
   2749    33,6    1375     0,0
   2754    33,6    1378     0,0
   2759     0,0    1380     0,0
   2764     0,0    1383     0,0
   2769     0,0    1385     0,0
   2774     0,0    1388     0,0
   2779     0,0    1390     0,0
   2784     0,0    1393     0,0
   2789     0,0    1395     0,0
   2794    33,6    1398     0,0
   2799     0,0    1400     0,0
   2804     0,0    1403    33,6
   2809     0,0    1405     0,0
   2814     0,0    1408     0,0
   2819     0,0    1410    33,6
   2824     0,0    1413     0,0
   2829     0,0    1415     0,0
   2834     0,0    1418     0,0
   2839     0,0    1420     0,0
   2844     0,0    1422     0,0
   2849     0,0    1425     0,0
   2854    33,6    1427     0,0
   2859     0,0    1430     0,0
   2864     0,0    1432     0,0
   2869     0,0    1435     0,0
   2874     0,0    1437     0,0
   2879     0,0    1440     0,0
   2884    33,6    1442    33,6
   2889    33,6    1445     0,0
   2894     0,0    1447     0,0
   2899     0,0    1450     0,0
   2904     0,0    1452     0,0
   2909     0,0    1455     0,0
   2914     0,0    1457     0,0
   2919     0,0    1460    33,6
   2924     0,0    1462     0,0
   2929     0,0    1465     0,0
   2934    33,6    1467     0,0
   2939     0,0    1470     0,0
   2944     0,0    1472     0,0
   2949     0,0    1475     0,0
   2954     0,0    1477     0,0
   2959     0,0    1480     0,0
   2964    33,6    1482     0,0
   2969     0,0    1485     0,0
   2974    33,6    1487     0,0
   2979     0,0    1490     0,0
   2984     0,0    1492     0,0
   2989     0,0    1495     0,0
   2994     0,0    1498     0,0
   2999     0,0    1500     0,0
   3004     0,0    1502     0,0
   3009     0,0    1505     0,0
   3014     0,0    1508     0,0
   3019     0,0    1510     0,0
   3024     0,0    1512     0,0
   3029     0,0    1515     0,0
   3034     0,0    1518     0,0
   3039     0,0    1520     0,0
   3044     0,0    1522     0,0
   3049     0,0    1525     0,0
   3054     0,0    1528     0,0
   3059     0,0    1530     0,0
   3064     0,0    1533     0,0
   3069     0,0    1535     0,0
   3074     0,0    1538    33,6
   3079     0,0    1540    33,6
   3084     0,0    1543     0,0
   3089     0,0    1545     0,0
   3094     0,0    1548     0,0
   3099     0,0    1550     0,0
   3104     0,0    1553     0,0
   3109     0,0    1555    33,6
   3114     0,0    1558     0,0
   3119     0,0    1560     0,0
   3124     0,0    1563     0,0
   3129     0,0    1565     0,0
   3134     0,0    1568     0,0
   3139     0,0    1570     0,0
   3144     0,0    1573     0,0
   3149     0,0    1575     0,0
