01.01.2007   N1106
Образец: "Pt"
LiF200
Трубка: "40,0/0,100"
        Отр1            Отр2
   [мА]  [Имп/с]   [мА]  [Имп/с]
    834    1275     425     101
    839    1275     427    67,1
    844    1309     430    67,1
    849    1275     432    67,1
    854    1242     435    67,1
    859    1275     437    33,6
    864    1410     440    33,6
    869    1443     442    33,6
    874    1578     445    33,6
    879    1745     447    33,6
    884    1913     450    67,1
    889    2081     452    67,1
    894    2349     455    67,1
    899    2652     457    67,1
    904    3088     460    67,1
    909    3726     462     101
    914    4430     465     101
    919    5370     467     101
    924    6142     469     101
    929    6914     472     134
    934    7720     474     134
    939    8928     477     134
    944    9834     479     134
    949   10203     482     168
    954   10170     484     134
    959    8995     487     134
    964    7552     489     168
    969    5605     492     134
    974    3893     494     168
    979    2618     497     134
    984    2014     499     134
    989    1779     502     101
    994    1779     504     101
    999    1712     507     101
   1004    1477     509     101
   1009    1175     511     101
   1014    1175     514     101
   1019    1074     516     101
   1024    1141     519     101
   1029    1510     521     101
   1034    1712     524     101
   1039    1712     526     101
   1044    1645     529    67,1
   1049    1510     531    67,1
   1054    1578     534    67,1
   1059    2316     536    67,1
   1064    3994     538     101
   1069    7048     541     134
   1074   10808     543     168
   1079   13056     546     168
   1084   13761     548     235
   1089   13224     551     302
   1094   15037     553     436
   1099   21481     556     671
   1104   34772     558     940
   1109   50178     561    1108
   1114   55582     563    1141
   1119   48768     566     973
   1124   34839     568     772
   1129   24099     571     470
   1134   16111     573     269
   1139   13191     576     134
   1144    9029     578     134
   1149    7015     581     101
   1154    5236     583     101
   1159    3155     586     101
   1164    2047     588    67,1
   1169    1208     591    67,1
   1174     772     593    67,1
   1179     839     596    67,1
   1184    1007     598     101
   1189    1242     601    67,1
   1194    1343     603    67,1
   1199    1074     606    67,1
   1204     738     608    67,1
   1209     403     610    67,1
   1214     336     613    33,6
   1219     571     615     0,0
   1224    1074     618    33,6
   1229    1477     620    33,6
   1234    1544     623    33,6
   1239    1275     625    33,6
   1244    1108     628    33,6
   1249    1141     630    33,6
   1254    1074     633     0,0
   1259     839     635     0,0
   1264     873     638    33,6
   1269    1443     640    67,1
   1274    2081     643    67,1
   1279    2450     645    67,1
   1284    1913     648    67,1
   1289    7720     650    67,1
   1294   23595     652     302
   1299   48198     655     604
   1304   70048     657     973
   1309   80218     660    1208
   1314   76492     662    1108
   1319   58972     665     738
   1324   39136     667     403
   1329   18829     670     134
   1334    7820     672    33,6
   1339    3088     675    33,6
   1344    1712     677    33,6
   1349    1242     680    33,6
   1354    1007     682    33,6
   1359     772     685    33,6
   1364     638     687    33,6
   1369     604     690    67,1
   1374     671     692    67,1
   1379     705     695    67,1
   1384     638     697    67,1
   1389     705     700    67,1
   1394     839     702    67,1
   1399     806     704    67,1
   1404     671     707    67,1
   1409     604     709    67,1
   1414     604     712     101
   1419     671     714    67,1
   1424     671     717    67,1
   1429     571     719    33,6
   1434     403     722    33,6
   1439     369     724    33,6
   1444     503     727    33,6
   1449     571     729    33,6
   1454     638     732    33,6
   1459     604     734    67,1
   1464     604     737    67,1
   1469     604     739    67,1
   1474     604     742    67,1
   1479    1208     744    33,6
   1484    1880     747    67,1
   1489    2551     749    67,1
   1494    2853     752    33,6
   1499    2887     754    33,6
   1504    2316     757    33,6
   1509    1376     759    33,6
   1514     772     761    33,6
   1519     604     764     0,0
   1524     705     766    33,6
   1529     940     769    33,6
   1534    1343     771    33,6
   1539    1309     774    33,6
   1544    1108     776    33,6
   1549     839     779    33,6
   1554     671     781    33,6
   1559     369     784    33,6
   1564     302     786     0,0
   1569     403     789     0,0
   1574     369     791    33,6
   1579     269     794    33,6
   1584     269     796    33,6
   1589     269     799    33,6
   1594     336     801    33,6
   1599     403     804    67,1
   1604     302     806    33,6
   1609     235     809    33,6
   1614     302     811    33,6
   1619     302     813    33,6
   1624     235     816    67,1
   1629     269     818    67,1
   1634     336     821    33,6
   1639     269     823    33,6
   1644     269     826    33,6
   1649     302     828    33,6
   1654     235     831    67,1
   1659     235     833    67,1
   1664     235     836    67,1
   1669     201     838    33,6
   1674     201     841    33,6
   1679     168     843    33,6
   1684     235     846    33,6
   1689     235     848     0,0
   1694     201     851    33,6
   1699     201     853    33,6
   1704     235     856    33,6
   1709     201     858    33,6
   1714     235     861    33,6
   1719     235     863    33,6
   1724    67,1     866    33,6
   1729     134     868    33,6
   1734     168     870    33,6
   1739     101     873    33,6
   1744     201     875    67,1
   1749     269     878    67,1
   1754     235     880    67,1
   1759     235     883    33,6
   1764     201     885    33,6
   1769     168     888    33,6
   1774     269     890    67,1
   1779     269     893     101
   1784     134     895     101
   1789     134     898    67,1
   1794     201     900     101
   1799     168     903    67,1
   1804     134     905    33,6
   1809     101     908    33,6
   1814     101     910    67,1
   1819     168     913    67,1
   1824     168     915    33,6
   1829     235     918    33,6
   1834     168     920     101
   1839     168     923     134
   1844     168     925     101
   1849     101     928     101
   1854     134     930     134
   1859     134     933     201
   1864    67,1     935     201
   1869     134     937     201
   1874     101     940     134
   1879     101     942    33,6
   1884    67,1     945     134
   1889     101     947     235
   1894     168     950     302
   1899     201     952     403
   1904     235     955     470
   1909     235     957     571
   1914     168     960     571
   1919     134     962     336
   1924     168     965    67,1
   1929     235     967     0,0
   1934     269     970    33,6
   1939     403     972     0,0
   1944     201     975    33,6
   1949     134     977    67,1
   1954     134     980    67,1
   1959     134     982    33,6
   1964    67,1     985    33,6
   1969    67,1     987    33,6
   1974     101     990    67,1
   1979     134     992     101
   1984     168     995    67,1
   1989     101     997    67,1
   1994     101    1000     0,0
   1999    67,1    1002    33,6
   2004     134    1005    67,1
   2009     134    1007    67,1
   2014     134    1010    67,1
   2019     134    1012    67,1
   2024     101    1015    67,1
   2029     134    1017    33,6
   2034     134    1020     0,0
   2039    67,1    1022    33,6
   2044     101    1025    67,1
   2049     101    1027    33,6
   2054     134    1030     0,0
   2059     134    1032    33,6
   2064     134    1034    33,6
   2069     101    1037     0,0
   2074    67,1    1039    33,6
   2079    33,6    1042    33,6
   2084     0,0    1044    33,6
   2089     101    1047    33,6
   2094    67,1    1049    33,6
   2099     101    1052    67,1
   2104    33,6    1054    67,1
   2109     134    1057     101
   2114    33,6    1059    67,1
   2119    33,6    1062    67,1
   2124    67,1    1064     101
   2129    67,1    1067    67,1
   2134    33,6    1069     134
   2139    67,1    1072    67,1
   2144     101    1074    67,1
   2149     101    1077    67,1
   2154    33,6    1079     101
   2159     101    1082     134
   2164    33,6    1084     101
   2169     101    1087     101
   2174     0,0    1089     201
   2176    72,0    1090     163
   2178    80,0    1091     205
   2180    73,0    1092     261
   2182    94,0    1093     377
   2184    87,0    1094     450
   2186     102    1095     541
   2188     122    1096     760
   2190     151    1097     901
   2192     157    1098    1241
   2194     181    1099    1446
   2196     195    1100    1695
   2198     222    1101    1849
   2200     211    1102    1835
   2202     210    1103    1675
   2204     187    1104    1494
   2206     164    1105    1250
   2208     151    1106     944
   2210     121    1107     679
   2212    90,0    1108     523
   2214    85,0    1109     414
   2216    92,0    1110     414
   2218    99,0    1111     510
   2220    91,0    1112     605
   2222     131    1113     889
   2224     150    1114    1248
   2226     192    1115    1677
   2228     267    1116    2305
   2230     316    1117    3031
   2232     380    1118    3495
   2234     373    1119    3629
   2236     419    1120    3563
   2238     374    1121    3204
   2240     283    1122    2594
   2242     235    1123    2010
   2244     188    1124    1417
   2246     154    1125     862
   2248     105    1126     552
   2250    76,0    1127     281
   2252    68,0    1128     212
   2254    72,0    1129     132
   2256    59,0    1130     136
   2259    33,6    1131    67,1
   2264    67,1    1134    33,6
   2269     101    1136     134
   2274    67,1    1139     436
   2279    33,6    1141     436
   2284    67,1    1144     369
   2289    33,6    1146     201
   2294     101    1149     101
   2299    33,6    1151    67,1
   2304    33,6    1154    67,1
   2309    67,1    1156    67,1
   2314     101    1159    33,6
   2319    33,6    1161    33,6
   2324    67,1    1164    33,6
   2329     0,0    1166     0,0
   2334     101    1169    33,6
   2339    33,6    1171     0,0
   2344     0,0    1174     0,0
   2349    67,1    1176    67,1
   2354     0,0    1179    67,1
   2359     0,0    1181    33,6
   2364    67,1    1184    33,6
   2369    67,1    1186     0,0
   2374     101    1189    33,6
   2379    33,6    1191    67,1
   2384    33,6    1194    33,6
   2389     0,0    1196    67,1
   2394    67,1    1199    67,1
   2399     0,0    1201     0,0
   2404     0,0    1204    33,6
   2409     101    1206    33,6
   2414     0,0    1209     0,0
   2419    33,6    1211    67,1
   2424    33,6    1214    67,1
   2429     0,0    1216     0,0
   2434    67,1    1218     0,0
   2439    67,1    1221     0,0
   2444    33,6    1223    33,6
   2449     101    1226     0,0
   2454     0,0    1229    33,6
   2459    67,1    1231    67,1
   2464    33,6    1234     0,0
   2469    33,6    1236    33,6
   2474    33,6    1238    67,1
   2479     0,0    1241    33,6
   2484     0,0    1243    67,1
   2489     101    1246    67,1
   2494    33,6    1248    33,6
   2499    67,1    1251    33,6
   2504    33,6    1253     0,0
   2509     0,0    1256    33,6
   2514    67,1    1258    33,6
   2519    33,6    1261    33,6
   2524    33,6    1263    67,1
   2529    33,6    1266    33,6
   2534     0,0    1268     0,0
   2539    33,6    1271     101
   2544    67,1    1273    33,6
   2549     0,0    1276     0,0
   2554    33,6    1278    67,1
   2559    33,6    1281    67,1
   2564     0,0    1283     0,0
   2569    67,1    1286    33,6
   2574     0,0    1288    67,1
   2579    33,6    1291    67,1
   2584     0,0    1293    33,6
   2589     0,0    1296    67,1
   2594    33,6    1298    33,6
   2598    37,0    1300    76,0
   2600    36,0    1301    88,0
   2602    29,0    1302     111
   2604    29,0    1303     118
   2606    36,0    1304     181
   2608    47,0    1305     248
   2610    56,0    1306     418
   2612    63,0    1307     694
   2614    92,0    1308    1044
   2616     151    1309    1698
   2618     184    1310    2661
   2620     275    1311    3421
   2622     321    1312    3722
   2624     282    1313    3545
   2626     247    1314    2954
   2628     183    1315    2127
   2630     146    1316    1486
   2632    75,0    1317     805
   2634    54,0    1318     495
   2636    49,0    1319     361
   2638    41,0    1320     298
   2640    43,0    1321     371
   2642    69,0    1322     441
   2644    51,0    1323     471
   2646    57,0    1324     474
   2648    50,0    1325     385
   2650    46,0    1326     322
   2652    37,0    1327     197
   2654    32,0    1328     110
   2656    44,0    1329    76,0
   2658    28,0    1330    60,0
   2659    33,6    1331     134
   2664    33,6    1333    67,1
   2669     0,0    1336    33,6
   2674    67,1    1338    67,1
   2679    67,1    1340     101
   2684     0,0    1343    33,6
   2689    33,6    1345    67,1
   2694     0,0    1348    33,6
   2699    67,1    1351     0,0
   2704     0,0    1353     0,0
   2709     0,0    1356     0,0
   2714     0,0    1358    33,6
   2719    33,6    1360     0,0
   2724     0,0    1363    33,6
   2729     0,0    1365     0,0
   2734    33,6    1368    33,6
   2739    33,6    1370     0,0
   2744     0,0    1373    33,6
   2749    67,1    1375     0,0
   2754     0,0    1378     0,0
   2759     0,0    1380    33,6
   2764    67,1    1383    33,6
   2769    33,6    1385     0,0
   2774    67,1    1388    33,6
   2779     0,0    1390    33,6
   2784    33,6    1393    33,6
   2789    33,6    1395     0,0
   2794     0,0    1398     0,0
   2799    33,6    1400    33,6
   2804    33,6    1403     0,0
   2809    33,6    1405     0,0
   2814    67,1    1408    33,6
   2819    33,6    1410     0,0
   2824     0,0    1413    33,6
   2829     0,0    1415     0,0
   2834     0,0    1418     0,0
   2839     0,0    1420     0,0
   2844    33,6    1422    67,1
   2849     0,0    1425     0,0
   2854     0,0    1427    33,6
   2859     0,0    1430     0,0
   2864     0,0    1432    33,6
   2869     0,0    1435     0,0
   2874    33,6    1437    33,6
   2879     0,0    1440     0,0
   2884    33,6    1442    33,6
   2889     0,0    1445    33,6
   2894     0,0    1447     0,0
   2899    33,6    1450    33,6
   2904     0,0    1452     0,0
   2909     0,0    1455     0,0
   2914     0,0    1457    33,6
   2919     101    1460     0,0
   2924     0,0    1462    67,1
   2929     0,0    1465     0,0
   2934     0,0    1467     0,0
   2939     0,0    1470    33,6
   2944     0,0    1472     0,0
   2949     0,0    1475     0,0
   2954     0,0    1477     0,0
   2959     0,0    1480    67,1
   2964     0,0    1482     0,0
   2969    33,6    1485     0,0
   2974     0,0    1487    33,6
   2979    33,6    1490    33,6
   2984     0,0    1492    33,6
   2989     0,0    1495    33,6
   2994     0,0    1498    67,1
   2999     0,0    1500    67,1
   3004     0,0    1502    33,6
   3009    67,1    1505     0,0
   3014     0,0    1508     0,0
   3019     0,0    1510     0,0
   3024    33,6    1512     0,0
   3029     0,0    1515     0,0
   3034     0,0    1518    33,6
   3039     0,0    1520     0,0
   3044    33,6    1522    33,6
   3049     0,0    1525    33,6
   3054    33,6    1528     0,0
   3059    33,6    1530    67,1
   3064     0,0    1533     0,0
   3069     0,0    1535    67,1
   3074     0,0    1538    67,1
   3079     0,0    1540    67,1
   3084     0,0    1543     0,0
   3089     0,0    1545     0,0
   3094    33,6    1548     0,0
   3099     0,0    1550    33,6
   3104     0,0    1553    33,6
   3109     0,0    1555     0,0
   3114     0,0    1558     0,0
   3119     0,0    1560     0,0
   3124     0,0    1563     0,0
   3129     0,0    1565     0,0
   3134    33,6    1568     0,0
   3139     0,0    1570    67,1
   3144     0,0    1573     0,0
   3149     0,0    1575     0,0
