01.01.2007   N1106
Образец: "Ta"
LiF200
Трубка: "40,0/0,100"
        Отр1            Отр2
   [мА]  [Имп/с]   [мА]  [Имп/с]
    834    2134     425    66,7
    839    1634     427    66,7
    844    1467     430    66,7
    849    1467     432    33,3
    854    1434     435    33,3
    859    1467     437    33,3
    864    1534     440    66,7
    869    1534     442    66,7
    874    1567     445    66,7
    879    1600     447    66,7
    884    1634     450     100
    889    1567     452     100
    894    1434     455     100
    899    1367     457    66,7
    904    1300     460    66,7
    909    1267     462    66,7
    914    1234     465    66,7
    919    1367     467    66,7
    924    1367     469     100
    929    1234     472     100
    934    1200     474     100
    939    1234     477     133
    944    1300     479     133
    949    1534     482     167
    954    1767     484     167
    959    1767     487     167
    964    1667     489     200
    969    1500     492     167
    974    1334     494     167
    979    1334     497     133
    984    1434     499     133
    989    1567     502     133
    994    1667     504     100
    999    1567     507     100
   1004    1434     509    66,7
   1009    1267     511    66,7
   1014    1200     514    66,7
   1019    1167     516    33,3
   1024    1334     519    33,3
   1029    1500     521    33,3
   1034    1767     524    66,7
   1039    1767     526    66,7
   1044    1600     529     100
   1049    1334     531     100
   1054    1500     534     100
   1059    1900     536     100
   1064    2401     538     100
   1069    2734     541     100
   1074    3101     543     100
   1079    3768     546     133
   1084    4901     548     167
   1089    6002     551     200
   1094    7002     553     233
   1099    7902     556     267
   1104    8369     558     267
   1109    8536     561     267
   1114    9803     563     233
   1119   12303     566     200
   1124   13804     568     200
   1129   14337     571     167
   1134   14137     573     167
   1139   13904     576     133
   1144   13303     578     167
   1149   10436     581     167
   1154    6335     583     133
   1159    3067     586     100
   1164    1600     588    66,7
   1169    1100     591    33,3
   1174    1000     593    33,3
   1179     967     596    33,3
   1184    1134     598    66,7
   1189    1300     601    66,7
   1194    1167     603    66,7
   1199     867     606    66,7
   1204     567     608    66,7
   1209     667     610    33,3
   1214     800     613    33,3
   1219     767     615    33,3
   1224     734     618    33,3
   1229    1134     620    33,3
   1234    1600     623    33,3
   1239    1667     625    33,3
   1244    1534     628    33,3
   1249    1700     630    33,3
   1254    1867     633    33,3
   1259    2567     635     100
   1264    9302     638     167
   1269   23306     640     333
   1274   37310     643     433
   1279   38710     645     467
   1284   31208     648     433
   1289   21339     650     300
   1294   17905     652     233
   1299   20139     655     300
   1304   31942     657     667
   1309   58915     660    1234
   1314   88223     662    1700
   1319   89390     665    1867
   1324   65884     667    1800
   1329   46212     670    1467
   1334   39944     672    1034
   1339   37910     675     700
   1344   26940     677     367
   1349   18105     680    66,7
   1354   10936     682     0,0
   1359    6135     685    66,7
   1364    3001     687    66,7
   1369    2167     690    66,7
   1374    2134     692    66,7
   1379    1900     695    33,3
   1384    2001     697    33,3
   1389    2034     700    66,7
   1394    1867     702    66,7
   1399    1734     704    66,7
   1404    1500     707    66,7
   1409    1300     709    66,7
   1414    1234     712    33,3
   1419    1167     714    33,3
   1424    1334     717    66,7
   1429    1400     719    66,7
   1434    1234     722    66,7
   1439     967     724    66,7
   1444    1267     727    66,7
   1449    1600     729    66,7
   1454    2134     732    66,7
   1459    2834     734    33,3
   1464    2967     737    33,3
   1469    3067     739    33,3
   1474    3067     742    66,7
   1479    2767     744    66,7
   1484    2534     747    66,7
   1489    2101     749    33,3
   1494    2634     752    33,3
   1499    9002     754     0,0
   1504   30174     757     400
   1509   69818     759    1134
   1514  104427     761    2234
   1519  121531     764    2967
   1524  112229     766    2534
   1529   79554     769    1467
   1534   41811     771     533
   1539   18071     774    33,3
   1544    8369     776    66,7
   1549    4301     779     100
   1554    2301     781     100
   1559    1567     784     100
   1564    1234     786    33,3
   1569    1067     789    33,3
   1574     967     791    33,3
   1579     800     794    33,3
   1584     934     796    33,3
   1589    1067     799    33,3
   1594     867     801    33,3
   1599     667     804    66,7
   1604     667     806    33,3
   1609     734     809    33,3
   1614     734     811    33,3
   1619     633     813    33,3
   1624     633     816     100
   1629    1200     818     100
   1634     633     821     100
   1639     467     823    66,7
   1644     567     826    33,3
   1649     600     828    33,3
   1654     600     831    66,7
   1659     567     833    66,7
   1664     600     836    66,7
   1669     667     838    33,3
   1674     700     841    66,7
   1679     567     843    33,3
   1684     500     846    33,3
   1689     467     848    33,3
   1694     600     851    33,3
   1699     700     853    33,3
   1704     667     856    33,3
   1709     734     858    66,7
   1714    1600     861    33,3
   1719    3034     863    33,3
   1724    3734     866    33,3
   1729    3067     868    33,3
   1734    2267     870    33,3
   1739    1267     873    66,7
   1744     734     875    66,7
   1749     567     878    66,7
   1754     500     880    33,3
   1759     400     883    66,7
   1764     500     885    66,7
   1769     467     888    66,7
   1774     433     890    33,3
   1779     433     893    33,3
   1784     400     895     0,0
   1789     333     898     0,0
   1794     367     900    33,3
   1799     333     903    33,3
   1804     300     905    33,3
   1809     500     908    33,3
   1814     600     910    33,3
   1819     467     913     0,0
   1824     300     915     0,0
   1829     333     918    33,3
   1834     367     920    66,7
   1839     333     923    33,3
   1844     367     925     0,0
   1849     233     928     0,0
   1854     233     930     0,0
   1859     333     933    33,3
   1864     333     935    33,3
   1869     367     937    33,3
   1874     267     940     0,0
   1879     233     942     0,0
   1884     333     945    33,3
   1889     333     947    33,3
   1894     233     950    33,3
   1899     267     952     0,0
   1904     267     955     0,0
   1909     300     957     0,0
   1914     200     960    33,3
   1919     167     962    33,3
   1924     300     965     0,0
   1929     267     967    33,3
   1934     433     970    33,3
   1939     400     972     0,0
   1944     333     975     0,0
   1949     300     977    66,7
   1954     233     980    66,7
   1959     167     982    33,3
   1964     300     985    33,3
   1969     233     987    33,3
   1974     233     990    33,3
   1979     167     992    33,3
   1984     167     995    33,3
   1989     200     997    33,3
   1994     267    1000    66,7
   1999     267    1002     100
   2004     333    1005    33,3
   2009     233    1007    33,3
   2014     267    1010     0,0
   2019     167    1012    33,3
   2024     300    1015    33,3
   2029     267    1017    33,3
   2034     167    1020    66,7
   2039     200    1022    66,7
   2044     200    1025    33,3
   2049     267    1027    33,3
   2054     200    1030    33,3
   2059     100    1032    33,3
   2064     267    1034     0,0
   2069     233    1037    33,3
   2074     167    1039    33,3
   2079     167    1042     0,0
   2084     267    1044    33,3
   2089     233    1047     0,0
   2094     133    1049    33,3
   2099     333    1052    66,7
   2104     267    1054    33,3
   2109     267    1057    33,3
   2114     200    1059    66,7
   2119     233    1062     100
   2124     233    1064    66,7
   2129     200    1067    33,3
   2134     167    1069    66,7
   2139     200    1072    66,7
   2144     200    1074    33,3
   2149     233    1077    33,3
   2154     200    1079    33,3
   2159     233    1082    33,3
   2164     267    1084    66,7
   2169     200    1087    66,7
   2174     200    1089    33,3
   2179     333    1092    66,7
   2184     100    1094    66,7
   2189     133    1097     233
   2194     167    1099     367
   2199     100    1102     267
   2204     233    1104     133
   2209    33,3    1107     133
   2214     133    1109     133
   2219     167    1112     100
   2224     200    1114     133
   2229     233    1117     133
   2234     100    1119    66,7
   2239     267    1122    33,3
   2244     167    1124    66,7
   2249     233    1127     100
   2254    66,7    1129     267
   2259     200    1131     300
   2264     233    1134     734
   2269     200    1136    1234
   2274     167    1139     967
   2279     233    1141     333
   2284    66,7    1144     133
   2289     233    1146    33,3
   2294    66,7    1149    66,7
   2299     100    1151    66,7
   2304     167    1154    33,3
   2309     133    1156    33,3
   2314     133    1159     0,0
   2319     100    1161     0,0
   2324    66,7    1164    33,3
   2329    66,7    1166    33,3
   2334    66,7    1169    66,7
   2339     167    1171     100
   2344     133    1174    33,3
   2349    66,7    1176     133
   2354     167    1179     133
   2359     133    1181     100
   2364     167    1184    33,3
   2369     133    1186    33,3
   2374     167    1189     0,0
   2379     133    1191    66,7
   2384     167    1194    66,7
   2389     167    1196    66,7
   2394     133    1199     0,0
   2399     0,0    1201     0,0
   2404     200    1204    66,7
   2409    66,7    1206    33,3
   2414    66,7    1209     0,0
   2419    66,7    1211    33,3
   2424     133    1214    66,7
   2429    66,7    1216     0,0
   2434     133    1218    66,7
   2439    66,7    1221    66,7
   2444     133    1223     0,0
   2449    33,3    1226     0,0
   2454    66,7    1229    66,7
   2459    33,3    1231    33,3
   2464    33,3    1234     0,0
   2469     100    1236     0,0
   2474     100    1238    33,3
   2479    66,7    1241    33,3
   2484    66,7    1243    33,3
   2489    33,3    1246     0,0
   2494     100    1248    33,3
   2499    66,7    1251    33,3
   2504     133    1253     100
   2509     167    1256    33,3
   2514     100    1258     100
   2519     100    1261     133
   2524    33,3    1263     133
   2529     167    1266    66,7
   2534    33,3    1268    66,7
   2539    66,7    1271    33,3
   2544    33,3    1273     133
   2549    66,7    1276     133
   2554    33,3    1278     300
   2559     167    1281    1534
   2564     167    1283    2167
   2569     167    1286    1334
   2574     100    1288     667
   2579     300    1291     167
   2584    66,7    1293    66,7
   2589     133    1296     100
   2594    33,3    1298     200
   2599    33,3    1301     333
   2604    33,3    1303     767
   2609     233    1306    1034
   2614     133    1308     700
   2619    66,7    1311     267
   2624    33,3    1313     267
   2629    66,7    1316     367
   2634     167    1318     233
   2639     100    1321     734
   2644     400    1323    3668
   2649     500    1326    6602
   2654     200    1328    3468
   2659     133    1331    1534
   2664     133    1333     333
   2669    33,3    1336     233
   2674     100    1338     233
   2679     100    1340     333
   2684     200    1343     367
   2689     133    1345     567
   2694     100    1348     200
   2699     167    1351     167
   2704    66,7    1353     100
   2709    66,7    1356    33,3
   2714    66,7    1358    33,3
   2719     100    1360    66,7
   2724    66,7    1363    66,7
   2729    66,7    1365    33,3
   2734    33,3    1368    33,3
   2739    33,3    1370     0,0
   2744    33,3    1373     100
   2749    33,3    1375    66,7
   2754    66,7    1378     0,0
   2759    33,3    1380    33,3
   2764     0,0    1383    66,7
   2769    33,3    1385     0,0
   2774     0,0    1388     100
   2779    66,7    1390     0,0
   2784    66,7    1393     167
   2789     100    1395    33,3
   2794    66,7    1398     100
   2799     0,0    1400    33,3
   2804     0,0    1403    66,7
   2809    33,3    1405    33,3
   2814    66,7    1408    66,7
   2819     0,0    1410    66,7
   2824     0,0    1413    33,3
   2829    33,3    1415     0,0
   2834    33,3    1418    66,7
   2839     0,0    1420    66,7
   2844    33,3    1422     0,0
   2849    33,3    1425    33,3
   2854    66,7    1427    66,7
   2859    33,3    1430    66,7
   2864     0,0    1432    33,3
   2869    33,3    1435     0,0
   2874    33,3    1437     0,0
   2879     0,0    1440    33,3
   2884    33,3    1442     0,0
   2889    66,7    1445    33,3
   2894    33,3    1447     0,0
   2899    33,3    1450    33,3
   2904    66,7    1452    66,7
   2909     167    1455     0,0
   2914    66,7    1457    33,3
   2919    66,7    1460    66,7
   2924     0,0    1462    66,7
   2929    66,7    1465     100
   2934    33,3    1467     133
   2939    66,7    1470     100
   2944    33,3    1472     233
   2949     0,0    1475     100
   2954    33,3    1477     167
   2959     0,0    1480     0,0
   2964    33,3    1482    33,3
   2969    66,7    1485    66,7
   2974    33,3    1487     0,0
   2979    33,3    1490    33,3
   2984     0,0    1492     100
   2989     0,0    1495     100
   2994     0,0    1498     0,0
   2999    66,7    1500    66,7
   3004    66,7    1502     133
   3009     0,0    1505     100
   3014     0,0    1508     133
   3019     0,0    1510     100
   3024    33,3    1512     100
   3029    66,7    1515     333
   3034    66,7    1518     934
   3039     267    1520    4334
   3044     333    1522    4001
   3049    66,7    1525    1334
   3054    66,7    1528     267
   3059    33,3    1530     500
   3064    33,3    1533     600
   3069    33,3    1535     200
   3074    66,7    1538     167
   3079    66,7    1540     133
   3084    33,3    1543     100
   3089     0,0    1545    66,7
   3094     0,0    1548    66,7
   3099     0,0    1550    66,7
   3104    33,3    1553    66,7
   3109    33,3    1555     0,0
   3114    66,7    1558     133
   3119     0,0    1560    66,7
   3124     0,0    1563    66,7
   3129     0,0    1565     0,0
   3134     0,0    1568     0,0
   3139     0,0    1570    66,7
   3144     0,0    1573    66,7
   3149    33,3    1575    33,3
