01.01.2007   N1106
Образец: "W"
LiF200
Трубка: "40,0/0,100"
        Отр1            Отр2
   [мА]  [Имп/с]   [мА]  [Имп/с]
    834    1581     425     101
    839    1682     427     101
    844    1446     430    67,3
    849    1177     432    67,3
    854    1177     435    67,3
    859    1211     437    67,3
    864    1446     440    67,3
    869    1682     442    67,3
    874    1883     445    67,3
    879    1816     447    67,3
    884    1749     450    67,3
    889    1648     452    67,3
    894    1581     455    67,3
    899    1547     457     101
    904    1547     460     101
    909    1614     462     101
    914    1715     465     101
    919    1850     467     101
    924    1883     469    67,3
    929    1782     472    67,3
    934    1715     474    67,3
    939    1648     477     101
    944    1614     479     101
    949    1682     482     135
    954    1782     484     168
    959    1749     487     168
    964    1715     489     168
    969    1648     492     135
    974    1480     494     135
    979    1480     497     135
    984    1513     499     135
    989    1547     502     135
    994    1782     504     135
    999    1850     507     101
   1004    1917     509     101
   1009    1816     511     101
   1014    1984     514    67,3
   1019    2152     516    67,3
   1024    2522     519    67,3
   1029    2892     521    67,3
   1034    3161     524     101
   1039    3565     526     101
   1044    4339     529     135
   1049    5415     531     101
   1054    6323     534     135
   1059    7332     536     135
   1064    8173     538     135
   1069    8879     541     135
   1074   10258     543     168
   1079   12276     546     168
   1084   14327     548     168
   1089   16782     551     168
   1094   18094     553     135
   1099   17320     556     135
   1104   15235     558     168
   1109   11065     561     235
   1114    7332     563     269
   1119    4439     566     269
   1124    2657     568     202
   1129    1951     571     168
   1134    1581     573     101
   1139    1648     576     101
   1144    1715     578     101
   1149    1850     581     101
   1154    1648     583     101
   1159    1345     586     135
   1164    1076     588     101
   1169     807     591    67,3
   1174     774     593    67,3
   1179     774     596     101
   1184    1076     598     101
   1189    1513     601     135
   1194    1749     603     101
   1199    1883     606     101
   1204    1782     608     101
   1209    1850     610    67,3
   1214    1782     613    67,3
   1219    2691     615     101
   1224    9720     618     168
   1229   23273     620     235
   1234   36558     623     404
   1239   38340     625     504
   1244   30874     628     538
   1249   22096     630     404
   1254   19607     633     437
   1259   26838     635     572
   1264   48766     638    1177
   1269   79203     640    1715
   1274  100492     643    2220
   1279   96221     645    2354
   1284   73688     648    2018
   1289   46210     650    1413
   1294   26065     652     740
   1299   12343     655     336
   1304    8173     657     101
   1309    7264     660    67,3
   1314    5717     662     101
   1319    2388     665    67,3
   1324    1244     667    33,6
   1329    1177     670    33,6
   1334     942     672    33,6
   1339     975     675    67,3
   1344    1278     677     101
   1349    1682     680     101
   1354    1581     682     101
   1359    1379     685     101
   1364    1278     687    67,3
   1369    1278     690    67,3
   1374    1379     692    67,3
   1379    1547     695     101
   1384    1782     697     135
   1389    1883     700     135
   1394    1614     702     135
   1399    1984     704     101
   1404    2354     707    67,3
   1409    2859     709    67,3
   1414    3161     712    67,3
   1419    3632     714    67,3
   1424    3464     717    33,6
   1429    2993     719    67,3
   1434    2455     722    67,3
   1439    2085     724    67,3
   1444    2825     727    67,3
   1449    5448     729     0,0
   1454   14294     732    33,6
   1459   40325     734     437
   1464   76513     737    1312
   1469  109001     739    2287
   1474  121882     742    2724
   1479  113205     744    2287
   1484   80111     747    1446
   1489   40325     749     673
   1494   15841     752     168
   1499    6693     754    33,6
   1504    2892     757    67,3
   1509    1446     759    67,3
   1514    1446     761    33,6
   1519    1211     764    33,6
   1524    1244     766    33,6
   1529    2052     769    67,3
   1534    2691     771    67,3
   1539    2758     774    67,3
   1544    2455     776    67,3
   1549    1816     779    33,6
   1554    1278     781     0,0
   1559     874     784    33,6
   1564     774     786    67,3
   1569     807     789    33,6
   1574     774     791    33,6
   1579     639     794    33,6
   1584     605     796    33,6
   1589     572     799    33,6
   1594     504     801    67,3
   1599     572     804    67,3
   1604     639     806    67,3
   1609     807     809    33,6
   1614     807     811    33,6
   1619     706     813    67,3
   1624     639     816    67,3
   1629     504     818    33,6
   1634     471     821    67,3
   1639     572     823    67,3
   1644     538     826    67,3
   1649     471     828    33,6
   1654     740     831    33,6
   1659    1177     833    67,3
   1664    1782     836     101
   1669    3195     838    67,3
   1674    4036     841    33,6
   1679    3599     843    67,3
   1684    2421     846     101
   1689    1278     848    67,3
   1694     841     851    67,3
   1699     639     853    67,3
   1704     404     856    33,6
   1709     336     858    33,6
   1714     336     861     0,0
   1719     404     863    33,6
   1724     404     866    33,6
   1729     303     868    33,6
   1734     471     870    33,6
   1739     404     873    33,6
   1744     235     875    67,3
   1749     404     878    67,3
   1754     370     880    67,3
   1759     370     883    33,6
   1764     336     885    33,6
   1769     370     888    33,6
   1774     471     890    33,6
   1779     404     893    67,3
   1784     471     895    33,6
   1789     471     898    67,3
   1794     303     900    33,6
   1799     336     903     0,0
   1804     303     905    33,6
   1809     235     908    33,6
   1814     336     910    33,6
   1819     336     913    33,6
   1824     303     915    33,6
   1829     303     918    67,3
   1834     336     920    33,6
   1839     404     923    33,6
   1844     336     925    33,6
   1849     303     928    33,6
   1854     269     930    67,3
   1859     202     933    33,6
   1864     303     935     0,0
   1869     269     937    33,6
   1874     235     940    33,6
   1879     303     942    33,6
   1884     404     945     0,0
   1889     303     947    33,6
   1894     269     950    33,6
   1899     336     952    67,3
   1904     336     955    33,6
   1909     303     957     0,0
   1914     269     960     0,0
   1919     336     962     0,0
   1924     336     965    67,3
   1929     336     967    67,3
   1934     303     970     0,0
   1939     303     972     0,0
   1944     168     975    33,6
   1949     202     977    33,6
   1954     235     980    33,6
   1959     303     982    33,6
   1964     168     985    33,6
   1969     269     987     0,0
   1974     336     990     0,0
   1979     235     992    33,6
   1984     235     995    67,3
   1989     269     997    67,3
   1994     336    1000    33,6
   1999     269    1002    33,6
   2004     303    1005    33,6
   2009     235    1007    33,6
   2014     202    1010    33,6
   2019     336    1012    33,6
   2024     235    1015    33,6
   2029     135    1017    33,6
   2034     202    1020    67,3
   2039     235    1022    67,3
   2044     235    1025    33,6
   2049     101    1027    67,3
   2054     202    1030     101
   2059     235    1032    67,3
   2064     235    1034    33,6
   2069     168    1037    67,3
   2074     101    1039    67,3
   2079     168    1042    33,6
   2084     269    1044    33,6
   2089     235    1047    67,3
   2094     135    1049    33,6
   2099     269    1052     0,0
   2104     135    1054    67,3
   2109     269    1057     168
   2114     235    1059     235
   2119     235    1062     235
   2124     235    1064     168
   2129     269    1067     135
   2134     235    1069     168
   2139     235    1072     168
   2144     202    1074     101
   2149     269    1077     135
   2154     202    1079    67,3
   2159     168    1082    33,6
   2164     235    1084    33,6
   2169     202    1087     101
   2174     202    1089     235
   2179     135    1092     370
   2184     303    1094     639
   2189     269    1097     975
   2194     269    1099    1076
   2199     168    1102     605
   2204     135    1104     101
   2209     135    1107    33,6
   2214     202    1109    67,3
   2219     168    1112    67,3
   2224     235    1114    33,6
   2229     202    1117    33,6
   2234     135    1119    33,6
   2239    67,3    1122    33,6
   2244     168    1124    33,6
   2249     101    1127    33,6
   2254     168    1129     101
   2259     101    1131     101
   2264     101    1134     0,0
   2269     202    1136    67,3
   2274     135    1139    67,3
   2279     135    1141    33,6
   2284     101    1144    33,6
   2289    67,3    1146    33,6
   2294     101    1149    67,3
   2299     202    1151    33,6
   2304     168    1154    33,6
   2309    67,3    1156     0,0
   2314     135    1159    33,6
   2319     101    1161     0,0
   2324     269    1164    33,6
   2329    67,3    1166    33,6
   2334     235    1169    33,6
   2339     135    1171    33,6
   2344    67,3    1174    67,3
   2349     101    1176     0,0
   2354     202    1179    67,3
   2359     101    1181    33,6
   2364     135    1184    67,3
   2369     101    1186    67,3
   2374     135    1189    33,6
   2379     168    1191    67,3
   2384     135    1194    33,6
   2389     168    1196     0,0
   2394     135    1199     0,0
   2397     110    1200    42,0
   2399     120    1201    49,0
   2401     104    1202    54,0
   2403    89,0    1203    70,0
   2405     103    1204    76,0
   2407     114    1205    72,0
   2409     100    1206    78,0
   2411     108    1207    69,0
   2413     100    1208    69,0
   2415    97,0    1209    70,0
   2417     105    1210    59,0
   2419    96,0    1211    73,0
   2421     102    1212    83,0
   2423    90,0    1213     100
   2425    96,0    1214     109
   2427    96,0    1215     101
   2429     116    1216    83,0
   2431     109    1217    87,0
   2433    91,0    1218    95,0
   2435     119    1219    98,0
   2437     109    1220    84,0
   2439     100    1221    80,0
   2441    96,0    1222     101
   2443     103    1223    90,0
   2445    91,0    1224    81,0
   2447     102    1225    93,0
   2449    89,0    1226    81,0
   2451    95,0    1227    84,0
   2453    95,0    1228    89,0
   2455     118    1229    95,0
   2457    94,0    1230    78,0
   2459     101    1231    84,0
   2461    97,0    1232    95,0
   2463    92,0    1233     109
   2465     116    1234     109
   2467    93,0    1235     165
   2469     106    1236     258
   2471    89,0    1237     288
   2473     118    1238     436
   2475     127    1239     536
   2477     173    1240     883
   2479     179    1241    1265
   2481     220    1242    1739
   2483     258    1243    2230
   2485     249    1244    2241
   2487     252    1245    2170
   2489     222    1246    1864
   2491     197    1247    1408
   2493     177    1248    1078
   2495     148    1249     765
   2497     130    1250     481
   2499     118    1251     263
   2501    94,0    1252     207
   2503    85,0    1253     173
   2505    81,0    1254     172
   2507    98,0    1255     183
   2509     101    1256     254
   2511     106    1257     299
   2513     116    1258     424
   2515    97,0    1259     562
   2517     130    1260     762
   2519     154    1261     899
   2521     143    1262     992
   2523     136    1263     915
   2525     136    1264     816
   2527     132    1265     622
   2529     102    1266     493
   2531     101    1267     334
   2533    89,0    1268     252
   2535    95,0    1269     204
   2537    79,0    1270     186
   2539    75,0    1271     178
   2541    96,0    1272     196
   2543    90,0    1273     270
   2545     103    1274     395
   2547    97,0    1275     623
   2549     146    1276     862
   2552     178    1277    1473
   2554     253    1278    2516
   2556     326    1279    3949
   2558     463    1280    5181
   2560     498    1281    5996
   2562     447    1282    5803
   2564     434    1283    4574
   2566     397    1284    3581
   2568     261    1285    2516
   2570     202    1286    1609
   2571     140    1287     973
   2573     116    1288     601
   2575     101    1289     442
   2577    95,0    1290     344
   2579    81,0    1291     284
   2581    94,0    1292     232
   2583    77,0    1293     241
   2585    81,0    1294     184
   2587    80,0    1295     232
   2589    91,0    1296     233
   2591    83,0    1297     307
   2594    90,0    1298     404
   2596     114    1299     567
   2598     117    1300     634
   2600    92,0    1301     595
   2602     101    1302     594
   2604    91,0    1303     494
   2606    89,0    1304     421
   2608     100    1305     281
   2610    85,0    1306     186
   2612    76,0    1307     149
   2614    73,0    1308    99,0
   2616    74,0    1309     103
   2618    60,0    1310    82,0
   2620    53,0    1311    70,0
   2622    62,0    1312    72,0
   2624    66,0    1313    64,0
   2626    66,0    1314    66,0
   2628    66,0    1315    60,0
   2630    69,0    1316    64,0
   2632    76,0    1317    53,0
   2634    53,0    1318    60,0
   2636    57,0    1319    56,0
   2638    53,0    1320    54,0
   2639     101    1321     101
   2644     135    1323     135
   2649     0,0    1326     0,0
   2654    67,3    1328     0,0
   2659    67,3    1331    33,6
   2664     0,0    1333     0,0
   2669     135    1336    33,6
   2674     101    1338     135
   2679     168    1340     101
   2684    67,3    1343    33,6
   2689    67,3    1345     0,0
   2694     101    1348    67,3
   2699     0,0    1351     0,0
   2704     101    1353    33,6
   2709     101    1356    67,3
   2714     0,0    1358    33,6
   2719     0,0    1360     0,0
   2724     168    1363     101
   2729    67,3    1365     0,0
   2734     0,0    1368    33,6
   2739    33,6    1370    33,6
   2744    67,3    1373    67,3
   2749     0,0    1375     101
   2754    33,6    1378    67,3
   2759     0,0    1380    33,6
   2764    67,3    1383    33,6
   2769    33,6    1385    33,6
   2774    67,3    1388     135
   2779    67,3    1390    67,3
   2784    33,6    1393    67,3
   2789    67,3    1395    33,6
   2794    67,3    1398    33,6
   2799    67,3    1400     0,0
   2804    67,3    1403     0,0
   2809    33,6    1405    33,6
   2814     135    1408    33,6
   2819    33,6    1410     135
   2824    33,6    1413    33,6
   2829    67,3    1415    67,3
   2834    33,6    1418     303
   2839    33,6    1420     168
   2844    67,3    1422    33,6
   2849     0,0    1425    67,3
   2854     0,0    1427    33,6
   2859    33,6    1430     0,0
   2864    33,6    1432    67,3
   2869    33,6    1435    67,3
   2874    33,6    1437     101
   2879    33,6    1440    33,6
   2884     0,0    1442     0,0
   2889     0,0    1445    67,3
   2894    33,6    1447     0,0
   2899     101    1450    67,3
   2899    27,0    1450    45,0
   2901    39,0    1451    55,0
   2903    34,0    1452    57,0
   2905    30,0    1453    54,0
   2907    30,0    1454    57,0
   2909    44,0    1455    74,0
   2911    32,0    1456    59,0
   2913    44,0    1457    67,0
   2915    29,0    1458    69,0
   2917    25,0    1459    84,0
   2919    25,0    1460    70,0
   2921    26,0    1461    76,0
   2923    32,0    1462    79,0
   2925    31,0    1463     102
   2927    36,0    1464     111
   2929    24,0    1465    94,0
   2931    43,0    1466     134
   2933    40,0    1467     158
   2935    37,0    1468     205
   2937    52,0    1469     268
   2939    57,0    1470     406
   2941    57,0    1471     643
   2943     100    1472    1247
   2945     178    1473    2404
   2947     294    1474    4176
   2949     332    1475    5391
   2951     338    1476    5398
   2953     282    1477    4457
   2955     222    1478    3091
   2957     170    1479    1805
   2959    74,0    1480     928
   2961    48,0    1481     414
   2963    49,0    1482     331
   2965    49,0    1483     298
   2967    51,0    1484     433
   2969    64,0    1485     575
   2971    62,0    1486     633
   2973    64,0    1487     680
   2975    49,0    1488     598
   2977    64,0    1489     411
   2979    30,0    1490     263
   2981    35,0    1491     187
   2983    39,0    1492     116
   2985    34,0    1493    92,0
   2987    27,0    1494    92,0
   2989    31,0    1495    80,0
   2991    35,0    1496    80,0
   2993    25,0    1497    67,0
   2995    20,0    1498    64,0
   2997    26,0    1499    61,0
   2999    25,0    1500    59,0
   3004     0,0    1502    67,3
   3009     0,0    1505     0,0
   3014     0,0    1508    33,6
   3019    67,3    1510    67,3
   3024    33,6    1512     0,0
   3029    67,3    1515     0,0
   3034    67,3    1518    67,3
   3039     0,0    1520    33,6
   3044    67,3    1522     168
   3049    33,6    1525    33,6
   3054     0,0    1528     0,0
   3059    33,6    1530    33,6
   3064     0,0    1533    67,3
   3069     0,0    1535    67,3
   3074     0,0    1538    67,3
   3079     0,0    1540     135
   3084     0,0    1543    67,3
   3089     0,0    1545     0,0
   3094    67,3    1548    67,3
   3099     0,0    1550     135
   3104     0,0    1553     135
   3109     0,0    1555    67,3
   3114    33,6    1558    67,3
   3119    67,3    1560    33,6
   3124     0,0    1563    67,3
   3129     0,0    1565    33,6
   3134     0,0    1568    67,3
   3139     0,0    1570    67,3
   3144     0,0    1573     0,0
   3149    33,6    1575    33,6
