01.01.2007   N1106
Образец: "Yb"
LiF200
Трубка: "40,0/0,100"
        Отр1            Отр2
   [мА]  [Имп/с]   [мА]  [Имп/с]
    834    1274     425    67,0
    839     938     427    67,0
    844     938     430    67,0
    849    1039     432    67,0
    854    1073     435    67,0
    859    1207     437    67,0
    864    1207     440    67,0
    869    1173     442    67,0
    874    1173     445    67,0
    879    1106     447     101
    884    1140     450    67,0
    889    1140     452    67,0
    894    1207     455    67,0
    899    1207     457    67,0
    904    1207     460    67,0
    909    1140     462    67,0
    914     972     465    33,5
    919     938     467    67,0
    924     871     469    67,0
    929     838     472    67,0
    934     938     474     101
    939     972     477     101
    944     972     479     101
    949    1006     482     134
    954     972     484     101
    959    1006     487     134
    964     938     489     168
    969     938     492     168
    974     938     494     168
    979     905     497     134
    984     972     499     168
    989    1006     502     134
    994     938     504     134
    999     871     507     101
   1004     737     509    67,0
   1009     603     511    67,0
   1014     469     514    67,0
   1019     369     516    33,5
   1024     335     519    33,5
   1029     436     521    67,0
   1034     469     524    67,0
   1039     436     526    67,0
   1044     335     529    67,0
   1049     369     531    67,0
   1054     402     534    33,5
   1059     503     536    33,5
   1064     436     538    33,5
   1069     402     541     0,0
   1074     436     543    33,5
   1079     503     546    33,5
   1084     503     548    67,0
   1089     503     551    67,0
   1094     536     553     101
   1099     570     556     134
   1104     637     558     134
   1109     603     561     168
   1114     603     563     168
   1119     570     566     168
   1124     603     568     134
   1129     536     571     101
   1134     503     573    67,0
   1139     503     576     101
   1144     570     578     101
   1149     670     581     101
   1154     737     583     101
   1159     704     586     134
   1164     670     588     134
   1169     603     591     134
   1174     637     593     134
   1179     771     596     134
   1184     838     598     101
   1189     905     601     101
   1194     871     603     101
   1199     737     606    67,0
   1204     737     608    67,0
   1209     704     610    67,0
   1214     871     613    67,0
   1219    1140     615    67,0
   1224    1542     618    67,0
   1229    1944     620     101
   1234    1776     623     101
   1239    1106     625    67,0
   1244     737     628    67,0
   1249    1006     630    33,5
   1254    1575     633     0,0
   1259    2681     635    33,5
   1264    3855     638    33,5
   1269    4558     640    67,0
   1274    3821     643    33,5
   1279    2112     645    67,0
   1284    1073     648    67,0
   1289     570     650    67,0
   1294     670     652    67,0
   1299     637     655    67,0
   1304     637     657    67,0
   1309     570     660    67,0
   1314     637     662    67,0
   1319     570     665    67,0
   1324     503     667    67,0
   1329     369     670    67,0
   1334     302     672    67,0
   1339     369     675    33,5
   1344     402     677    33,5
   1349     402     680    33,5
   1354     369     682    67,0
   1359     402     685    33,5
   1364     369     687     0,0
   1369     369     690     0,0
   1374     369     692     0,0
   1379     804     695    33,5
   1384    1240     697    33,5
   1389    1776     700    33,5
   1394    2581     702    67,0
   1399    5262     704     101
   1400    5507     705    59,0
   1401    6300     705    43,0
   1402    7290     706    60,0
   1403    8321     706    62,0
   1404    9249     707    66,0
   1405   10545     707    72,0
   1406   11167     708    87,0
   1407   12190     708    84,0
   1408   12806     709    84,0
   1409   13321     709    91,0
   1410   13924     710    88,0
   1411   14047     710    75,0
   1412   14154     711    97,0
   1413   14369     711    85,0
   1414   14390     712    90,0
   1415   14204     712    77,0
   1416   13923     713    83,0
   1417   13631     713    89,0
   1418   13045     714    76,0
   1419   12759     714    87,0
   1420   12364     715    91,0
   1421   11646     715    70,0
   1422   10773     716    64,0
   1423   10215     716    66,0
   1424    9398     717    69,0
   1425    8568     717    51,0
   1426    7542     718    63,0
   1427    6563     718    60,0
   1428    5894     719    61,0
   1429    4932     719    56,0
   1430    4194     720    47,0
   1431    3740     720    49,0
   1432    3255     721    57,0
   1433    3255     721    46,0
   1434    3160     722    47,0
   1435    3220     722    50,0
   1436    3362     723    58,0
   1437    3740     723    49,0
   1438    4080     724    46,0
   1439    4570     724    55,0
   1440    4972     725    55,0
   1441    5458     725    69,0
   1442    5718     726    52,0
   1443    6305     726    43,0
   1444    6598     727    50,0
   1445    6942     727    64,0
   1446    7341     728    59,0
   1447    7668     728    60,0
   1448    7765     729    72,0
   1449    7995     729    58,0
   1450    8044     730    64,0
   1451    8377     730    66,0
   1452    8659     731    53,0
   1453    8903     731    56,0
   1454    9318     732    70,0
   1455    9643     732    52,0
   1456   10642     733    74,0
   1457   11901     733    73,0
   1458   12927     734    80,0
   1459   15151     734    87,0
   1460   16447     735     109
   1461   18617     735     117
   1462   20812     736     127
   1463   22853     736     149
   1464   25339     737     171
   1465   27524     737     173
   1466   29652     738     199
   1467   31349     738     210
   1468   33375     739     250
   1469   34669     739     250
   1470   35413     740     269
   1471   35624     740     292
   1472   36225     741     275
   1473   36393     741     287
   1474   35679     742     266
   1475   35355     742     288
   1476   34467     743     253
   1477   33473     743     261
   1478   32614     744     234
   1479   31550     744     212
   1480   29933     745     196
   1481   28552     745     176
   1482   26915     746     159
   1483   24865     746     159
   1484   22599     747     138
   1485   20218     747     113
   1486   17769     748     110
   1487   15243     748    83,0
   1488   13017     749    76,0
   1489   10791     749    46,0
   1490    8809     750    54,0
   1491    7783     750    66,0
   1492    6907     751    68,0
   1493    5959     751    45,0
   1494    5669     752    38,0
   1495    5048     752    52,0
   1496    4555     753    43,0
   1497    4088     753    49,0
   1498    3752     754    54,0
   1499    3455     754    50,0
   1500    3017     755    55,0
   1504    1542     757    33,5
   1509     704     759    33,5
   1514     503     761    33,5
   1519     570     764    33,5
   1524     670     766    33,5
   1529    1106     769    33,5
   1534    1374     771    33,5
   1539    1475     774    33,5
   1544    1140     776    67,0
   1549     704     779    67,0
   1554     369     781    67,0
   1559     503     784    33,5
   1564     503     786    33,5
   1569     335     789    33,5
   1574     268     791    67,0
   1579     268     794    33,5
   1584     268     796    33,5
   1589     469     799    33,5
   1594     637     801    33,5
   1599     436     804    67,0
   1604     302     806    33,5
   1609     369     809    33,5
   1614     335     811    33,5
   1619     603     813    33,5
   1624     871     816    33,5
   1629    1106     818    33,5
   1634    1140     821    33,5
   1639     771     823    33,5
   1644     637     826     0,0
   1649    1408     828     0,0
   1650    1484     829    45,0
   1651    1830     829    38,0
   1652    2316     830    33,0
   1653    2958     830    32,0
   1654    3990     831    46,0
   1655    5247     831    48,0
   1656    7567     832    54,0
   1657    9670     832    52,0
   1658   12461     833    54,0
   1659   15097     833    90,0
   1660   18599     834    93,0
   1661   21733     834     118
   1662   24606     835     137
   1663   27476     835     210
   1664   30162     836     198
   1665   31912     836     214
   1666   33163     837     229
   1667   34007     837     275
   1668   34369     838     248
   1669   34608     838     225
   1670   34105     839     258
   1671   33935     839     209
   1672   33413     840     223
   1673   32305     840     218
   1674   30967     841     208
   1675   29862     841     186
   1676   28113     842     171
   1677   26170     842     158
   1678   23900     843     138
   1679   21219     843     120
   1680   18453     844    84,0
   1681   15714     844    80,0
   1682   13002     845    68,0
   1683   10588     845    53,0
   1684    8795     846    42,0
   1685    7294     846    52,0
   1686    6034     847    33,0
   1687    5062     847    31,0
   1688    4291     848    29,0
   1689    3856     848    47,0
   1690    3320     849    32,0
   1691    2797     849    36,0
   1692    2221     850    22,0
   1693    1906     850    21,0
   1694    1516     851    31,0
   1695    1216     851    36,0
   1696    1016     852    40,0
   1697     826     852    27,0
   1698     760     853    41,0
   1699     682     853    26,0
   1700     590     854    32,0
   1704     469     856    33,5
   1709     469     858    33,5
   1714     235     861    33,5
   1719     302     863    33,5
   1724     402     866    33,5
   1729     235     868    67,0
   1734     235     870    33,5
   1739     335     873    33,5
   1744     201     875    33,5
   1749     134     878    33,5
   1754     201     880    33,5
   1759     302     883    33,5
   1764     201     885    33,5
   1769     101     888    33,5
   1774     134     890     0,0
   1779     168     893     0,0
   1784     201     895    33,5
   1789     268     898    33,5
   1794     134     900    33,5
   1799     101     903    33,5
   1804     134     905    33,5
   1809     134     908    33,5
   1814     168     910    67,0
   1819     235     913    33,5
   1824     168     915     0,0
   1829     134     918    33,5
   1834     201     920    33,5
   1839    67,0     923     0,0
   1844     101     925     0,0
   1849    67,0     928     0,0
   1854     101     930    33,5
   1859     201     933    67,0
   1864     168     935    67,0
   1869     235     937    33,5
   1874     235     940     0,0
   1879     302     942    33,5
   1884     704     945    33,5
   1889     972     947     0,0
   1894     905     950     0,0
   1899     469     952     0,0
   1904     168     955     0,0
   1909     201     957     0,0
   1914     235     960     0,0
   1919     268     962     0,0
   1924     201     965    33,5
   1929     268     967    33,5
   1934     302     970     0,0
   1939     302     972    33,5
   1944     168     975    33,5
   1949    67,0     977     0,0
   1954     101     980     0,0
   1959     134     982    33,5
   1964     134     985    33,5
   1969     101     987     0,0
   1974     134     990    33,5
   1979     101     992     0,0
   1984    67,0     995    33,5
   1989     101     997    33,5
   1994    33,5    1000    33,5
   1999     134    1002     0,0
   2004     168    1005    33,5
   2009     101    1007    33,5
   2014     134    1010    33,5
   2019     134    1012    33,5
   2024    33,5    1015    33,5
   2029     101    1017    33,5
   2034     134    1020    33,5
   2039     101    1022    33,5
   2044     101    1025     0,0
   2049    33,5    1027     0,0
   2054    33,5    1030     0,0
   2059    67,0    1032     0,0
   2064     0,0    1034     0,0
   2069     101    1037     0,0
   2074     101    1039     0,0
   2079    67,0    1042     0,0
   2084    67,0    1044    33,5
   2089    33,5    1047    33,5
   2094    33,5    1049     0,0
   2099     134    1052     0,0
   2104    67,0    1054     0,0
   2109    33,5    1057     0,0
   2114    67,0    1059     0,0
   2119    33,5    1062    33,5
   2124    33,5    1064    33,5
   2129    33,5    1067     0,0
   2134    67,0    1069     0,0
   2139    33,5    1072    33,5
   2144    67,0    1074    33,5
   2149    33,5    1077    67,0
   2154    67,0    1079    33,5
   2159     101    1082     0,0
   2164    67,0    1084     0,0
   2169     101    1087    33,5
   2174     101    1089     0,0
   2179    67,0    1092     0,0
   2184    33,5    1094     0,0
   2189     0,0    1097     0,0
   2194    33,5    1099    33,5
   2199    67,0    1102    33,5
   2204    67,0    1104    33,5
   2209     0,0    1107     0,0
   2214    67,0    1109     0,0
   2219    33,5    1112     0,0
   2224    33,5    1114    33,5
   2229    33,5    1117     0,0
   2234    33,5    1119     0,0
   2239    33,5    1122     0,0
   2244    33,5    1124    33,5
   2249    67,0    1127    33,5
   2254    33,5    1129    33,5
   2259    67,0    1131     0,0
   2264    67,0    1134     0,0
   2269    33,5    1136    33,5
   2274     101    1139    33,5
   2279    67,0    1141     0,0
   2284     201    1144     0,0
   2289    33,5    1146     0,0
   2294    67,0    1149     0,0
   2299    67,0    1151     0,0
   2304     0,0    1154    33,5
   2309    67,0    1156    33,5
   2314     0,0    1159    33,5
   2319    33,5    1161     0,0
   2324    33,5    1164     0,0
   2329    33,5    1166     0,0
   2334    33,5    1169     0,0
   2339     0,0    1171     0,0
   2344    67,0    1174     0,0
   2349     0,0    1176     0,0
   2354    33,5    1179    33,5
   2359     0,0    1181    33,5
   2364    67,0    1184    33,5
   2369    67,0    1186     0,0
   2374    33,5    1189     0,0
   2379    33,5    1191     0,0
   2384    67,0    1194     0,0
   2389    33,5    1196     0,0
   2394    33,5    1199     0,0
   2399     0,0    1201    67,0
   2404    67,0    1204     0,0
   2409    67,0    1206     0,0
   2414    67,0    1209     0,0
   2419     0,0    1211    33,5
   2424    33,5    1214    33,5
   2429     0,0    1216     0,0
   2434    33,5    1218    33,5
   2439    67,0    1221     134
   2444    33,5    1223    33,5
   2449     0,0    1226    67,0
   2454    33,5    1229    67,0
   2459    33,5    1231    33,5
   2464     101    1234    33,5
   2469    33,5    1236     0,0
   2474    33,5    1238     0,0
   2479    33,5    1241     0,0
   2484    33,5    1243    33,5
   2489     0,0    1246     0,0
   2494     0,0    1248     0,0
   2499    67,0    1251    33,5
   2504     0,0    1253     0,0
   2509    33,5    1256     0,0
   2514    33,5    1258    33,5
   2519     0,0    1261     0,0
   2524    67,0    1263     302
   2529     101    1266     268
   2534    33,5    1268     168
   2539     101    1271    33,5
   2544     0,0    1273    33,5
   2549    33,5    1276    33,5
   2554     0,0    1278    33,5
   2559    33,5    1281     0,0
   2564    33,5    1283     0,0
   2569    67,0    1286    33,5
   2574     0,0    1288     0,0
   2579    33,5    1291     0,0
   2584     0,0    1293     0,0
   2589    33,5    1296     0,0
   2594    67,0    1298     0,0
   2599    33,5    1301     0,0
   2604     0,0    1303     0,0
   2609    33,5    1306    33,5
   2614    33,5    1308     0,0
   2619    67,0    1311    33,5
   2624     0,0    1313     0,0
   2629    33,5    1316     0,0
   2634    33,5    1318    33,5
   2639    33,5    1321     0,0
   2644     0,0    1323    33,5
   2649     0,0    1326     0,0
   2654    67,0    1328    33,5
   2659    67,0    1331     0,0
   2664    67,0    1333     0,0
   2669     0,0    1336    33,5
   2674     0,0    1338     0,0
   2679    33,5    1340     0,0
   2684     0,0    1343     0,0
   2689     0,0    1345     0,0
   2694    33,5    1348     0,0
   2699    33,5    1351     0,0
   2704     0,0    1353     0,0
   2709     0,0    1356    33,5
   2714    67,0    1358     0,0
   2719    33,5    1360     0,0
   2724    33,5    1363     0,0
   2729     0,0    1365     0,0
   2734    33,5    1368     0,0
   2739     0,0    1370    33,5
   2744    33,5    1373     0,0
   2749     0,0    1375     0,0
   2754     0,0    1378     0,0
   2759     0,0    1380     0,0
   2764     0,0    1383     0,0
   2769    67,0    1385    33,5
   2774     0,0    1388     0,0
   2779     0,0    1390     0,0
   2784    33,5    1393     0,0
   2789     0,0    1395    33,5
   2794     0,0    1398    33,5
   2799    33,5    1400     0,0
   2804    33,5    1403    33,5
   2809     0,0    1405    33,5
   2814     0,0    1408    33,5
   2819    33,5    1410     201
   2824    67,0    1413     469
   2829    33,5    1415     335
   2834    33,5    1418     201
   2839    67,0    1420     101
   2844     0,0    1422     0,0
   2849     0,0    1425    67,0
   2854    33,5    1427    67,0
   2859     0,0    1430     0,0
   2864     0,0    1432     0,0
   2869     0,0    1435    33,5
   2874     0,0    1437     0,0
   2879    33,5    1440     0,0
   2884    33,5    1442     0,0
   2889     0,0    1445    33,5
   2894     0,0    1447     134
   2899    67,0    1450     302
   2904    33,5    1452     134
   2909     0,0    1455    33,5
   2914    33,5    1457     168
   2919     0,0    1460    67,0
   2924     0,0    1462     134
   2929    67,0    1465     134
   2934     0,0    1467    67,0
   2939     101    1470     436
   2944    67,0    1472    1374
   2949    67,0    1475    1073
   2954     0,0    1477     503
   2959     0,0    1480     134
   2964    33,5    1482    67,0
   2969    33,5    1485    67,0
   2974    67,0    1487     101
   2979     0,0    1490    67,0
   2984    33,5    1492     201
   2989    33,5    1495    67,0
   2994     0,0    1498     0,0
   2999     0,0    1500     0,0
   3004     0,0    1502     0,0
   3009    33,5    1505     0,0
   3014     0,0    1508     0,0
   3019     0,0    1510     0,0
   3024     0,0    1512     0,0
   3029     0,0    1515     0,0
   3034     0,0    1518     0,0
   3039     0,0    1520     0,0
   3044    33,5    1522     0,0
   3049     0,0    1525     0,0
   3054     0,0    1528     0,0
   3059    33,5    1530     0,0
   3064     0,0    1533     0,0
   3069     0,0    1535     0,0
   3074     0,0    1538     0,0
   3079     0,0    1540    67,0
   3084     0,0    1543    33,5
   3089     0,0    1545    67,0
   3094     0,0    1548     0,0
   3099     0,0    1550    33,5
   3104     0,0    1553     0,0
   3109     0,0    1555     0,0
   3114    33,5    1558     0,0
   3119     0,0    1560     0,0
   3124     0,0    1563     0,0
   3129     0,0    1565     0,0
   3134     0,0    1568    67,0
   3139     0,0    1570     0,0
   3144    33,5    1573     0,0
   3149     0,0    1575     0,0
