5.024	2.23586820092842
6.025	2.23445613394155
7.025	2.23354579185783
8.024	2.23287053258085
9.024	2.23178702168533
10.025	2.23098167413435
11.024	2.23013267273463
12.025	2.22967025492653
13.025	2.22903542649717
14.025	2.22828171713488
15.024	2.22700989113891
16.025	2.22599558283174
17.024	2.22485055278463
18.024	2.2236501049059
19.025	2.22232902922838
20.025	2.22106045446987
21.024	2.22010525125375
22.025	2.21927956811705
23.025	2.21862723109662
24.025	2.21783298012598
25.025	2.21674394011592
26.028	2.2161989750347
27.025	2.21505358075753
28.024	2.21413631980893
29.025	2.21329475751371
30.025	2.21268226706473
31.025	2.2120912957753
32.025	2.2116752176342
33.024	2.21036014895153
34.024	2.20924097921468
35.024	2.20830738001237
36.025	2.20713090282073
37.024	2.20595303990006
38.024	2.2045752724366
39.025	2.20413398563715
40.025	2.20306305575798
41.025	2.20204626761543
42.025	2.20123873204828
43.028	2.20025331939623
44.025	2.19982120318349
45.024	2.19964387070679
46.025	2.19888985665528
47.025	2.19649097498247
48.024	2.19517804016243
49.025	2.19414205345962
50.024	2.19337272402047
51.024	2.19229020107855
52.025	2.19070336034595
53.024	2.18970750592693
54.025	2.18894595950299
55.024	2.18818383268407
56.025	2.18772403420228
57.025	2.1869609751965
58.024	2.1863321361698
59.025	2.18559049643785
60.034	2.18428567403475
61.025	2.18408304891304
62.024	2.18321579989629
63.024	2.18293406372345
64.024	2.18199813000493
65.025	2.18114036150467
66.024	2.18037226025828
67.024	2.17923031396394
68.025	2.1785399914654
69.024	2.17756593967303
70.025	2.176443471486
71.024	2.17534245605704
72.024	2.17408104208355
73.024	2.17325059535789
74.024	2.17256751966932
75.024	2.17171301838969
76.025	2.17026439575344
77.024	2.16952216205278
78.025	2.16872221686351
79.024	2.16824194241174
80.025	2.16766988619734
81.025	2.16701734268559
82.024	2.16574537675404
83.024	2.16474729825894
84.025	2.16411581476847
85.025	2.16347243978505
86.026	2.16249509681512
87.024	2.16157437121836
88.024	2.16051448770631
89.026	2.15963808367411
90.025	2.15930346378188
91.025	2.15836824223364
92.024	2.15764024252504
93.025	2.15669189281364
94.024	2.15561523590268
95.034	2.15515180091431
96.024	2.15384143550599
97.025	2.1529940024228
98.024	2.1520528586895
99.024	2.15128534539477
100.024	2.15055216913779
101.025	2.14935232509004
102.056	2.14917747036473
103.044	2.14839607909871
104.025	2.14752066249043
105.025	2.14624702257135
106.024	2.14519416924184
107.025	2.14426908354689
108.024	2.1431320471037
109.024	2.14233417784152
110.025	2.14208764833011
111.025	2.14148868065058
112.027	2.14090110894993
113.024	2.1402073300024
114.025	2.13961900471215
115.024	2.13833525457265
116.025	2.13754534183462
117.024	2.1371796485764
118.025	2.13694364645129
119.024	2.13640063010024
120.025	2.13586913297848
121.024	2.134781636713
122.024	2.13382318719784
123.024	2.13284011840453
124.025	2.13256753065626
125.024	2.13151203397084
126.024	2.13098980356041
127.025	2.12993263939366
128.024	2.12899332050908
129.028	2.1280412115159
130.025	2.12732653440041
131.024	2.12667096471669
132.024	2.12601496497942
133.025	2.1247016730847
134.024	2.12361391739971
135.025	2.12308754493119
136.025	2.12208188200687
137.024	2.12163859037962
138.025	2.12130299577475
139.024	2.12085935866263
140.024	2.11946721922387
141.025	2.1183256597298
142.025	2.11750774248629
143.024	2.11679753655692
144.024	2.11613502561631
145.024	2.11494139871806
146.025	2.11380673585672
147.025	2.11340809124311
148.025	2.11277960129035
149.024	2.11176351314196
150.027	2.11103710326959
151.025	2.11000711850713
152.025	2.10949779298861
153.025	2.10884256448457
154.025	2.10883042657362
155.025	2.10825977850836
156.024	2.10744573808943
157.025	2.10732418266609
158.025	2.10655804354397
159.024	2.10552343267834
160.024	2.10527983918595
161.024	2.10468278423307
162.025	2.10389022208215
163.025	2.10323130780257
164.04	2.10233986256437
165.025	2.10180216901229
166.025	2.10108071678332
167.024	2.10055458451621
168.024	2.09952599200527
169.025	2.09877837423598
170.025	2.09799338707436
171.024	2.09709725816825
172.028	2.09623720159724
173.025	2.09536410222365
174.024	2.0948964962347
175.024	2.09423162715247
176.024	2.09341840861063
177.024	2.09270321566302
178.024	2.09212328733578
179.024	2.09111069154661
180.025	2.09034438904211
181.025	2.08919383312251
182.025	2.08811630686967
183.025	2.08723608514575
184.025	2.08661574542784
185.025	2.08587082944474
186.025	2.08496376609314
187.025	2.08398122172187
188.025	2.08324679252081
189.024	2.08249936177907
190.025	2.0818760757953
191.024	2.08070324539685
192.025	2.07999139048527
193.024	2.07940404097669
194.025	2.07886637630394
195.025	2.07785278026654
196.025	2.07710130546194
197.024	2.07639941911364
198.032	2.07528290653098
199.025	2.07485604433821
200.025	2.0745923031045
201.025	2.07400177292947
202.024	2.07322224186592
203.025	2.07255538644188
204.025	2.07208958213421
205.024	2.07148497196338
206.025	2.07079173977217
207.024	2.06988350886773
208.024	2.06945433514677
209.025	2.06849433911513
210.024	2.06796341934739
211.024	2.06736896044557
212.025	2.06702730289699
213.025	2.06648294051544
214.024	2.06526654949853
215.025	2.06470854207777
216.025	2.06382016077688
217.024	2.06305806242931
218.025	2.06228266658904
219.024	2.06120119339005
220.024	2.06079374730735
221.025	2.06042435584374
222.024	2.05983814453601
223.024	2.05903473190217
224.029	2.05881782738397
225.025	2.05789865100336
226.024	2.05708089544113
227.024	2.05622409050365
228.025	2.05531533115353
229.024	2.05409809234117
230.024	2.0534183567706
231.025	2.05273815884529
232.024	2.05200610849377
233.025	2.05131209242643
234.024	2.05028303430961
235.025	2.04958782095411
236.024	2.04872456901778
237.024	2.04788637302428
238.025	2.04686669574766
239.025	2.04614325627832
240.025	2.04516060770296
241.024	2.04434531114222
242.025	2.04382731732067
243.025	2.04359413253362
244.025	2.04277755730824
245.024	2.04241442084276
246.024	2.04215495689382
247.024	2.04096055486155
248.025	2.03963465676145
249.024	2.03846328495128
250.024	2.03744698497716
251.024	2.03656013636147
252.024	2.03571167756851
253.024	2.03508466097121
254.024	2.0344441757491
255.024	2.03338451408753
256.024	2.03240234367405
257.024	2.03193055900878
258.025	2.03128804979159
259.024	2.03050074116532
260.024	2.029581430321
261.024	2.02913460278899
262.024	2.02839821604749
263.025	2.0276481222506
264.025	2.02669983042178
265.025	2.02618579662921
266.025	2.02580339501055
267.028	2.02531529088957
268.024	2.02433836732875
269.024	2.02392883174958
270.025	2.02353234724032
271.025	2.02252721569508
272.026	2.02197131452529
273.024	2.02104412529903
274.024	2.02097786458962
275.025	2.02036805997332
276.024	2.0193464671285
277.025	2.01876223086799
278.024	2.0180846205477
279.025	2.01730014514199
280.024	2.01676794715178
281.025	2.01619551824047
282.024	2.01528961247264
283.025	2.01483635165328
284.025	2.01430284047023
285.024	2.01352874332243
286.024	2.01299453387292
287.025	2.01184501627634
288.024	2.01101547381507
289.024	2.01072095454871
290.025	2.01047991970461
291.024	2.00974306416864
292.025	2.00893860204223
293.024	2.00799924422547
294.024	2.00692461084066
295.024	2.0062658271466
296.025	2.00601026359395
297.024	2.00506814969
298.025	2.00448898219339
299.024	2.00363982826355
300.024	2.00256049734388
