#	0	1	2	3	4	5
err_rel	-1	-1	5	4	-1	-1
err	0.25	0.001	-1	-1	-1	-1
name	$P_\text{раб},\,\text{кПа}$	$A, \text{кс}^{-1}$	$10\,\text{кПа}/P_\text{раб}$	$D, \text{cм}^2/\text{с}$		
data	5.39	3.94545	1.85528756957328	7.4569005	1.01E+00	0.084331253162422
data	11.27	2.04054	0.887311446317658	3.8566206	5.20E-01	0.019289379267775
data	18.62	1.46425	0.537056928034372	2.7674325	3.73E-01	0.007066538526768
data	22.05	1.20026	0.453514739229025	2.2684914	3.06E-01	0.0050390526581
data	28.42	0.864681	0.351864883884588	1.63424709	2.20E-01	0.003033317964522
data	33.81	0.871089	0.295770482105886	1.64635821	2.22E-01	0.002143264363086
data	39.2	0.779296	0.255102040816327	1.47286944	1.99E-01	0.001594387755102
