err	0.5	0.5	0.5	c5	None	c7	None
#	1	2	3	4	5	6	7
name	2 \phi_1	180+\psi_e	180+\psi_o	n_e	None	n_o	None
data	0	207	0	1.47208786542515	0.006526138500143	0	0
data	4	205	222	1.46570276124979	0.007228592519607	1.63381716575062	0.005130466210345
data	10	203	216	1.46073691407704	0.008127089153439	1.63027161658852	0.006025203106619
data	15	202	214	1.46152553617439	0.008742761764991	1.63831527879117	0.006705836923604
data	20	202	212	1.47676685817627	0.00916228784645	1.6381475555273	0.007444994943222
data	25	201	210	1.47124104893755	0.00972448213739	1.63006618236565	0.008202700871865
data	30	201	209	1.4823552627192	0.010092062902701	1.63187032649035	0.008779697140009
data	35	200	208	1.47083153338331	0.010580126690773	1.62937996904206	0.009334587464953
data	40	200	208	1.47788644117644	0.010884109367798	1.64217882315227	0.009701458911876
data	45	200	207	1.48324737041011	0.011158026686254	1.63263614770003	0.010197476660954
data	50	200	207	1.48689201761668	0.011400766676198	1.64036261874692	0.010512645121312
data	55	200	207	1.48880531905924	0.011611315972111	1.64590146753501	0.010802837029095
data	60	200	207	1.48897939864582	0.011788751580397	1.64923273712623	0.01106677464732
data	65	200	207	1.48741354085863	0.011932234348094	1.65034448545099	0.011303278916187
data	70	200	207	1.48411418830033	0.01204100383516	1.64923273712624	0.011511256785257
data	75	201	207	1.50325450753718	0.012072105332139	1.64590146753501	0.011689690741459
data	80	201	207	1.49660912917618	0.012126456237457	1.64036261874692	0.011837630026358
data	85	202	207	1.51242146546605	0.012130149805167	1.63263614770003	0.011954183118637
data	90	202	208	1.50226839822344	0.012130216670408	1.64669052416462	0.011999881693026
data	95	203	208	1.51443395799064	0.012107972480717	1.63475820859828	0.012067650781962
data	100	203	209	1.50066686715276	0.012053792102568	1.64467700037443	0.012090172997392
data	105	204	210	1.50892442796821	0.012006690140078	1.65242173474745	0.01210637384734
data	110	205	210	1.51506265580476	0.01195295002996	1.63400609253652	0.012108145281267
data	115	206	211	1.51901235736999	0.011892733612056	1.63725789832027	0.01210190863902
data	120	207	212	1.52071230154703	0.011826124237332	1.6381475555273	0.012089708916881
data	125	208	213	1.52010935247978	0.011753122094081	1.63662011809982	0.012071557732401
data	130	210	215	1.53996441486958	0.011764805188652	1.65607956593675	0.012098109242338
data	135	211	216	1.53435738967184	0.011689950117088	1.64941191093826	0.012078661469515
data	140	212	217	1.5263138241496	0.011608225260292	1.64018535429762	0.012052910823543
data	145	214	219	1.5379484139006	0.011636077051052	1.65138107093073	0.012096342599156
data	150	215	220	1.52465377332738	0.011550861000154	1.63674753265294	0.012068073244233
data	155	217	222	1.53055898952063	0.01158896183743	1.64217725835262	0.012122689406196
data	160	219	224	1.53349930944064	0.011633170433313	1.64463259422757	0.012184039975792
data	165	221	226	1.53345051996345	0.011683035971674	1.6440867691568	0.012251738933521
data	170	224	228	1.55198412805284	0.011871990553797	1.6405193071706	0.012325329198502
data	175	227	232	1.56750005493096	0.01206500327258	1.67912022840343	0.012589942256526
