ignore	-1	-1	-1	-1	-1	1	-1	-1	-1	-1	-1	-1	-1
err	-1	0.2	0.025	0.2	0.2	-1	-1	-1	-1	-1	-1	-1	-1
#	0	1	2	3	4	5	6	7	8	9	10	11	12
err_rel	-1	-1	-1	-1	-1	9	10	11	12	-1	-1	-1	-1
name	Вещество	$T, ^\circ C$	$d, \text{мм}$	$t_0, \text{с}$	$t_1, \text{с}$	$\eta, 10\,\text{Па$\cdot$с}$	$10\,Re$	$\tau, \text{мс}$	$s, \text{мкм}$	D \eta	D \Re	D tau	D s
data	стекло	24.1	2.125	11.31	11.39	3.73635280642361	0.065141618871253	0.89903802930864	7.92103990580299	0.153752999652778	0.004594855832276	0.015842079811606	0.279155591393938
data	стекло	23.9	2.1	11.63	11.51	3.716906466	0.063481569508985	0.881943097031379	7.62267153873275	0.152748533	0.004461894486108	0.015245343077466	0.263532291745298
data	стекло	29.8	2.1	8.38	8.36	2.682865395	0.121573327964883	1.21912564308878	14.5654198696389	0.1279844475	0.01015186050637	0.029130839739278	0.696077413124918
data	стекло	29.7	2.1	7.87	7.78	2.506295855	0.139202157016447	1.30403599139336	16.6649966951228	0.123732390833333	0.012087270822629	0.033329993390246	0.851884815086152
data	стекло	39.8	2.1	4.1	4.06	1.303858248	0.513182815758683	2.50100040016006	61.2990294156878	0.094958864	0.068639998466323	0.122598058831376	6.00970876624391
data	стекло	39.9	2.1	4.04	4.05	1.291701985	0.522494585277164	2.52264070028506	62.3644178068	0.094621409166667	0.070328712277506	0.1247288356136	6.16706232947342
data	стекло	50.1	2.1	2.39	2.3	0.7471467815	1.55816652537854	4.35142073887124	185.561651977452	0.081511749083333	0.321434139297172	0.371123303954903	31.6523073735525
data	стекло	49.9	2.15	2.39	2.3	0.782558587416667	1.52307785480808	4.35142073887124	185.561651977452	0.084941773583333	0.312930683363777	0.371123303954903	31.6523073735525
data	стекло	59.4	2.05	1.68	1.68	0.508546206	3.11930264171418	6.07385811467444	361.539173492526	0.072944781	0.85681193352544	0.723078346985053	86.0807555934587
data	стекло	59.65	2.1	1.68	1.71	0.538013679	2.99364036992552	6.02010715790741	355.168563888343	0.0762922895	0.813379531609556	0.710337127776685	83.815590298134
data	сталь	24.6	0.825	19.81	20.19	4.770621625	0.033289686855012	0.510204081632653	2.55102040816327	0.336834799583333	0.003692128905738	0.005102040816327	0.051020408163265
data	сталь	24.65	0.8	19.31	19.27	4.32595310933333	0.036909374152053	0.52898297732779	2.74226530496521	0.315223838222222	0.004225611507461	0.00548453060993	0.056863977293213
data	сталь	29.85	0.8	11.16	11.27	2.51389059911111	0.109245879327308	0.909860154494254	8.11288590721582	0.201949024666667	0.014138221314525	0.016225771814432	0.289358391697399
data	сталь	29.9	0.8	10.38	10.4	2.32860125866667	0.12730341119527	0.982106028166801	9.45241605550338	0.190361472	0.016835692343167	0.018904832111007	0.36390437172294
data	сталь	39.65	0.75	7.1	7.21	1.408734534375	0.286472668520784	1.42614697870763	19.9321730077935	0.133293260625	0.044662510375253	0.039864346015587	1.11430736591438
data	сталь	39.7	0.8	5.31	5.43	1.20277307733333	0.476862018139046	1.90020142135066	35.3855013286902	0.119969335111111	0.080226262479049	0.07077100265738	2.63579153286333
data	сталь	50.45	0.75	3.68	4.09	0.764434453125	0.972278578241565	2.62653323877814	67.6070331731824	0.090315421875	0.197333760345811	0.135214066346365	6.96082709633796
data	сталь	50.3	0.9	2.54	2.54	0.719577936	1.89579635519349	4.01735497348546	158.163581633286	0.096636232	0.456533636716543	0.316327163266571	24.9076506509111
data	сталь	59.9	0.9	1.62	1.75	0.4771348785	4.30985013802226	6.05583479682674	359.396723847284	0.08314071325	1.38226400321831	0.718793447694569	85.3167296966847
data	сталь	60.005	0.75	2.28	2.29	0.4492595625	2.81279744334101	4.46568123967311	195.43462755681	0.0692731375	0.773673169864255	0.39086925511362	34.2117509946276
data	сталь	24.45	0.8	14.2	14.24	3.19094272	0.067878480494511	0.717586612704153	5.04631935797576	0.244313564444444	0.008272988150988	0.010092638715952	0.141949911616758
