3.36247478143914	1.31810995017552	0.02790435503269	0.041016139070946
3.36473755047106	1.31289172715669	0.028156799585532	0.037764332122422
3.29924117452986	0.986885400598668	0.022142558218321	0.046911939526011
3.3003300330033	0.91880590816472	0.022224444666689	0.043628379785461
3.19386777387416	0.265327752074116	0.016049586803388	0.072699725394791
3.19284802043423	0.255960716989188	0.016004250728994	0.068178713161148
3.09214594928881	-0.291493618506616	0.012343896005145	0.111392785720423
3.09405940594059	-0.245186487272628	0.012401039703169	0.100878424390267
3.00571085061617	-0.676199200365065	0.010120238554263	0.146729115996984
3.00345397206788	-0.619871293493021	0.010070256402575	0.383937346956687
