Данные измерений. Отсчеты таймера. 1193180 отсчетов - 1 секунда.
Всего проведено измерений:  250 
T1 - момент нарушения оптического тракта.
 T2 - момент восстановления оптического тракта.
 #N |   T1   |   T2  |   dT |   T  |  
 0 , 319292,  322462,  3170 
1 , 2247889,  2251075,  3186 , 3857210 
2 , 3996140,  3999341,  3201 , 3496517 
3 , 5644616,  5647831,  3215 , 3296966 
4 , 7219020,  7222251,  3231 , 3148824 
5 , 8741282,  8744529,  3247 , 3044540 
6 , 10217081,  10220342,  3261 , 2951612 
7 , 11658473,  11661748,  3275 , 2882798 
8 , 13066726,  13070017,  3291 , 2816522 
9 , 14449524,  14452830,  3306 , 2765611 
10 , 15806388,  15809710,  3322 , 2713744 
11 , 17143194,  17146531,  3337 , 2673627 
12 , 18458961,  18462313,  3352 , 2631549 
13 , 19758954,  19762322,  3368 , 2600002 
14 , 21040693,  21044076,  3383 , 2563493 
15 , 22309405,  22312801,  3396 , 2537437 
16 , 23562294,  23565707,  3413 , 2505795 
17 , 24804236,  24807666,  3430 , 2483901 
18 , 26032117,  26035559,  3442 , 2455774 
19 , 27250805,  27254264,  3459 , 2437393 
20 , 28456880,  28460355,  3475 , 2412166 
21 , 29654985,  29658474,  3489 , 2396224 
22 , 30841519,  30845024,  3505 , 2373084 
23 , 32021257,  32024776,  3519 , 2359490 
24 , 33190346,  33193880,  3534 , 2338193 
25 , 34353539,  34357089,  3550 , 2326402 
26 , 35506950,  35510514,  3564 , 2306836 
27 , 36655251,  36658831,  3580 , 2296618 
28 , 37794351,  37797946,  3595 , 2278215 
29 , 38928997,  38932606,  3609 , 2269306 
30 , 40055044,  40058668,  3624 , 2252109 
31 , 41177149,  41180788,  3639 , 2244225 
32 , 42291160,  42294814,  3654 , 2228037 
33 , 43401683,  43405353,  3670 , 2221062 
34 , 44504597,  44508281,  3684 , 2205842 
35 , 45604437,  45608136,  3699 , 2199695 
36 , 46697022,  46700737,  3715 , 2185186 
37 , 47787104,  47790832,  3728 , 2180177 
38 , 48870185,  48873930,  3745 , 2166179 
39 , 49950899,  49954659,  3760 , 2161443 
40 , 51025168,  51028942,  3774 , 2148552 
41 , 52097322,  52101111,  3789 , 2144323 
42 , 53163197,  53167001,  3804 , 2131765 
43 , 54227250,  54231069,  3819 , 2128121 
44 , 55285223,  55289056,  3833 , 2115960 
45 , 56341646,  56345495,  3849 , 2112862 
46 , 57392166,  57396031,  3865 , 2101056 
47 , 58441354,  58445234,  3880 , 2098391 
48 , 59484850,  59488742,  3892 , 2087004 
49 , 60527209,  60531118,  3909 , 2084735 
50 , 61564043,  61567968,  3925 , 2073684 
51 , 62599928,  62603868,  3940 , 2071785 
52 , 63630504,  63634457,  3953 , 2061165 
53 , 64660306,  64664275,  3969 , 2059620 
54 , 65684974,  65688957,  3983 , 2049350 
55 , 66709054,  66713052,  3998 , 2048175 
56 , 67728072,  67732085,  4013 , 2038051 
57 , 68746618,  68750648,  4030 , 2037109 
58 , 69760243,  69764287,  4044 , 2027264 
59 , 70773541,  70777599,  4058 , 2026610 
60 , 71781988,  71786061,  4073 , 2016909 
61 , 72790253,  72794341,  4088 , 2016545 
62 , 73793731,  73797834,  4103 , 2006971 
63 , 74797177,  74801294,  4117 , 2006906 
64 , 75795904,  75800036,  4132 , 1997469 
65 , 76794711,  76798859,  4148 , 1997630 
66 , 77788820,  77792984,  4164 , 1988234 
67 , 78783203,  78787379,  4176 , 1988778 
68 , 79772963,  79777156,  4193 , 1979537 
69 , 80763176,  80767383,  4207 , 1980440 
70 , 81748929,  81753151,  4222 , 1971521 
71 , 82735144,  82739382,  4238 , 1972446 
72 , 83716901,  83721152,  4251 , 1963527 
73 , 84699182,  84703448,  4266 , 1964577 
74 , 85677205,  85681486,  4281 , 1956061 
75 , 86655691,  86659986,  4295 , 1956986 
76 , 87629997,  87634309,  4312 , 1948629 
77 , 88604885,  88609211,  4326 , 1949790 
78 , 89575592,  89579932,  4340 , 1941428 
79 , 90547099,  90551455,  4356 , 1943030 
80 , 91514394,  91518765,  4371 , 1934605 
81 , 92482541,  92486928,  4387 , 1936310 
82 , 93446551,  93450951,  4400 , 1928033 
83 , 94411531,  94415948,  4417 , 1929977 
84 , 95372349,  95376781,  4432 , 1921651 
85 , 96334241,  96338688,  4447 , 1923799 
86 , 97291966,  97296427,  4461 , 1915464 
87 , 98250870,  98255347,  4477 , 1917824 
88 , 99205614,  99210105,  4491 , 1909502 
89 , 100161640,  100166146,  4506 , 1912067 
90 , 101113509,  101118031,  4522 , 1903754 
91 , 102066689,  102071226,  4537 , 1906375 
92 , 103015806,  103020358,  4552 , 1898249 
93 , 103966277,  103970844,  4567 , 1900957 
94 , 104912702,  104917283,  4581 , 1892864 
95 , 105860537,  105865134,  4597 , 1895686 
96 , 106804338,  106808951,  4613 , 1887618 
97 , 107749613,  107754242,  4629 , 1890566 
98 , 108690892,  108695535,  4643 , 1882572 
99 , 109633690,  109638349,  4659 , 1885612 
100 , 110572504,  110577178,  4674 , 1877643 
101 , 111512904,  111517594,  4690 , 1880816 
102 , 112449349,  112454054,  4705 , 1872905 
103 , 113387418,  113392136,  4718 , 1876151 
104 , 114321539,  114326274,  4735 , 1868259 
105 , 115257398,  115262148,  4750 , 1871733 
106 , 116189332,  116194095,  4763 , 1863881 
107 , 117123051,  117127831,  4780 , 1867455 
108 , 118052867,  118057662,  4795 , 1859647 
109 , 118984461,  118989270,  4809 , 1863202 
110 , 119912202,  119917027,  4825 , 1855498 
111 , 120841783,  120846622,  4839 , 1859176 
112 , 121767496,  121772351,  4855 , 1851442 
113 , 122695096,  122699965,  4869 , 1855214 
114 , 123618837,  123623722,  4885 , 1847498 
115 , 124544500,  124549398,  4898 , 1851339 
116 , 125466307,  125471223,  4916 , 1843632 
117 , 126390053,  126394984,  4931 , 1847507 
118 , 127309943,  127314888,  4945 , 1839794 
119 , 128231846,  128236807,  4961 , 1843822 
120 , 129149889,  129154864,  4975 , 1836100 
121 , 130069998,  130074989,  4991 , 1840234 
122 , 130986203,  130991210,  5007 , 1832426 
123 , 131904591,  131909613,  5022 , 1836791 
124 , 132819083,  132824121,  5038 , 1829000 
125 , 133735848,  133740900,  5052 , 1833544 
126 , 134648627,  134653694,  5067 , 1825573 
127 , 135563740,  135568823,  5083 , 1830242 
128 , 136474932,  136480029,  5097 , 1822398 
129 , 137388481,  137393593,  5112 , 1827113 
130 , 138298063,  138303191,  5128 , 1819180 
131 , 139209996,  139215137,  5141 , 1823879 
132 , 140118038,  140123196,  5158 , 1816101 
133 , 141028465,  141033639,  5174 , 1820870 
134 , 141934998,  141940187,  5189 , 1813081 
135 , 142843961,  142849164,  5203 , 1817940 
136 , 143749020,  143754239,  5219 , 1810134 
137 , 144656530,  144661765,  5235 , 1815036 
138 , 145560129,  145565378,  5249 , 1807212 
139 , 146466209,  146471473,  5264 , 1812175 
140 , 147368387,  147373667,  5280 , 1804372 
141 , 148273074,  148278370,  5296 , 1809390 
142 , 149173871,  149179181,  5310 , 1801608 
143 , 150077199,  150082526,  5327 , 1806673 
144 , 150976627,  150981968,  5341 , 1798870 
145 , 151878662,  151884018,  5356 , 1804085 
146 , 152776746,  152782119,  5373 , 1796185 
147 , 153677492,  153682880,  5388 , 1801507 
148 , 154574295,  154579698,  5403 , 1793621 
149 , 155473788,  155479204,  5416 , 1798999 
150 , 156369377,  156374810,  5433 , 1791195 
151 , 1147447,  1154152,  6705 , 8279492004 
152 , 2011872,  2018595,  6723 , 1728868 
153 , 2872338,  2879075,  6737 , 1720946 
154 , 3736387,  3743139,  6752 , 1728113 
155 , 4596275,  4603043,  6768 , 1719792 
156 , 5459806,  5466589,  6783 , 1727077 
157 , 6319133,  6325933,  6800 , 1718671 
158 , 7182137,  7188953,  6816 , 1726024 
159 , 8040941,  8047771,  6830 , 1717622 
160 , 8903445,  8910291,  6846 , 1725024 
161 , 9761699,  9768562,  6863 , 1716525 
162 , 10623712,  10630589,  6877 , 1724040 
163 , 11481423,  11488317,  6894 , 1715439 
164 , 12342911,  12349822,  6911 , 1722993 
165 , 13200134,  13207061,  6927 , 1714462 
166 , 14061117,  14068060,  6943 , 1721982 
167 , 14917832,  14924791,  6959 , 1713446 
168 , 15778319,  15785292,  6973 , 1720988 
169 , 16634510,  16641501,  6991 , 1712400 
170 , 17494510,  17501517,  7007 , 1720016 
171 , 18350195,  18357217,  7022 , 1711385 
172 , 19209726,  19216764,  7038 , 1719078 
173 , 20064919,  20071974,  7055 , 1710403 
174 , 20924028,  20931097,  7069 , 1718232 
175 , 21778704,  21785789,  7085 , 1709368 
176 , 22637347,  22644450,  7103 , 1717304 
177 , 23491509,  23498630,  7121 , 1708342 
178 , 24349693,  24356828,  7135 , 1716382 
179 , 25203355,  25210508,  7153 , 1707342 
180 , 26061063,  26068231,  7168 , 1715431 
181 , 26914248,  26921435,  7187 , 1706389 
182 , 888539,  899484,  10945 , 8537886932 
183 , 1720491,  1731454,  10963 , 1663922 
184 , 2545731,  2556712,  10981 , 1650498 
185 , 3377580,  3388576,  10996 , 1663713 
186 , 4202668,  4213684,  11016 , 1650196 
187 , 5034391,  5045424,  11033 , 1663463 
188 , 5859337,  5870390,  11053 , 1649912 
189 , 6690961,  6702031,  11070 , 1663265 
190 , 7515775,  7526864,  11089 , 1649647 
191 , 8347295,  8358404,  11109 , 1663060 
192 , 9171972,  9183100,  11128 , 1649373 
193 , 10003401,  10014546,  11145 , 1662875 
194 , 10827945,  10839109,  11164 , 1649107 
195 , 11659262,  11670447,  11185 , 1662655 
196 , 12483679,  12494881,  11202 , 1648851 
197 , 13314904,  13326123,  11219 , 1662467 
198 , 14139172,  14150411,  11239 , 1648556 
199 , 14970285,  14981543,  11258 , 1662245 
200 , 15794419,  15805694,  11275 , 1648285 
201 , 16625418,  16636714,  11296 , 1662019 
202 , 17449429,  17460743,  11314 , 1648040 
203 , 18280313,  18291646,  11333 , 1661787 
204 , 19104186,  19115538,  11352 , 1647765 
205 , 19934958,  19946326,  11368 , 1661560 
206 , 20758697,  20770086,  11389 , 1647499 
207 , 21589375,  21600782,  11407 , 1661374 
208 , 22412992,  22424420,  11428 , 1647255 
209 , 23243574,  23255018,  11444 , 1661180 
210 , 24067054,  24078519,  11465 , 1646981 
211 , 24897560,  24909043,  11483 , 1661030 
212 , 25720908,  25732412,  11504 , 1646717 
213 , 1324108,  1346963,  22855 , 8541152343 
214 , 2145686,  2168557,  22871 , 1643172 
215 , 2953468,  2976359,  22891 , 1615584 
216 , 3775358,  3798273,  22915 , 1643804 
217 , 4583058,  4606004,  22946 , 1615431 
218 , 5404958,  5427930,  22972 , 1643826 
219 , 6212627,  6235631,  23004 , 1615370 
220 , 7034542,  7057571,  23029 , 1643855 
221 , 7842168,  7865225,  23057 , 1615280 
222 , 8664071,  8687152,  23081 , 1643830 
223 , 9471672,  9494786,  23114 , 1615235 
224 , 10293554,  10316692,  23138 , 1643788 
225 , 11101149,  11124318,  23169 , 1615221 
226 , 11923033,  11946230,  23197 , 1643796 
227 , 12730574,  12753799,  23225 , 1615110 
228 , 13552491,  13575742,  23251 , 1643860 
229 , 14359990,  14383270,  23280 , 1615027 
230 , 15181913,  15205217,  23304 , 1643870 
231 , 15989378,  16012716,  23338 , 1614964 
232 , 16811310,  16834667,  23357 , 1643883 
233 , 17618743,  17642134,  23391 , 1614900 
234 , 2454024,  2551596,  97572 , 8559679335 
235 , 3296291,  3394007,  97716 , 1684678 
236 , 4076018,  4173866,  97848 , 1559586 
237 , 4918361,  5016336,  97975 , 1684813 
238 , 5698070,  5796175,  98105 , 1559548 
239 , 6540578,  6638816,  98238 , 1685149 
240 , 7320128,  7418512,  98384 , 1559246 
241 , 8162745,  8261264,  98519 , 1685369 
242 , 8942217,  9040868,  98651 , 1559076 
243 , 9784938,  9883730,  98792 , 1685583 
244 , 10564264,  10663190,  98926 , 1558786 
245 , 11407041,  11506083,  99042 , 1685670 
246 , 12186318,  12285515,  99197 , 1558709 
247 , 13029211,  13128547,  99336 , 1685925 
248 , 13808404,  13907883,  99479 , 1558529 
249 , 14651396,  14751020,  99624 , 1686129 
Число меток разделителя:  6 
0 
151 
182 
213 
234 
250 
Эффективный угловой размер затеняющй спицы:  0.005301452925  0.000003387706 
Период линейных колебаний [сек]:  1.352690807070  0.000864389181   
